dispatch_id,candidate_id,op_kind,device,arch,cfg.M,cfg.N,cfg.K,cfg.subgroup_size,cfg.intrinsic_mn,cfg.intrinsic_k,cfg.lhs_type_bitwidth,cfg.rhs_type_bitwidth,cfg.subgroup_tile_m,cfg.subgroup_tile_n,cfg.subgroup_tile_k,cfg.promote_operands,cfg.codegen_pipeline,cfg.pipeline_options_search_space,cfg.allowed_waves_per_eu,cfg.padding,cfg.mma_attr,cfg.m,cfg.n,cfg.k,cfg.wg_x,cfg.wg_y,cfg.wg_z,cfg.sg_m_cnt,cfg.sg_n_cnt,compile_flags,compile_order_in_list,compile_status,benchmark_flags,to_benchmark,benchmark_device_id,benchmark_status,baseline_benchmark_time_ms,benchmark_time_ms,benchmark_optimal_time_ms,benchmark_speedup,benchmark_order_in_list,benchmark_result_order,benchmark_start_order_vs_result,benchmark_optimal_start_order,benchmark_avg_order_diff,benchmark_avg_top10_order_diff,candidate_spec_mlir
compute_gemm_4096_4096_8192_f8E4M3FNUZ_f32_tB,0,contraction,sharkmi300x-4,gfx942,,,,,,,,,,,,,,,,,,,,,,,,,,"['--iree-hal-target-device=hip', '--iree-hip-target=gfx942', '--compile-from=executable-sources']",0,True,"['--input=1', '--benchmark_repetitions=3']",True,,False,,,,,,,,,,,tuning_2025_09_29_16_28/candidates/specs/0_spec.mlir
compute_gemm_4096_4096_8192_f8E4M3FNUZ_f32_tB,1,contraction,sharkmi300x-4,gfx942,4096,4096,8192,64,16,32,8,8,0,0,0,"[0, 1]",LLVMGPUVectorDistribute,"PipelineOptionsSearchSpace(prefetch_shared_memory=[True], no_reduce_shared_memory_bank_conflicts=[None], use_igemm_convolution=[None])",[2],,#iree_gpu.mma_layout<MFMA_F32_16x16x32_F8E4M3FNUZ>,512,64,32,64,8,1,8,1,"['--iree-hal-target-device=hip', '--iree-hip-target=gfx942', '--compile-from=executable-sources']",1,True,"['--input=1', '--benchmark_repetitions=3']",True,hip://6,True,357.33,646.0,269.67,1.80784,19,441,422,204,302.06,,tuning_2025_09_29_16_28/candidates/specs/1_spec.mlir
compute_gemm_4096_4096_8192_f8E4M3FNUZ_f32_tB,2,contraction,sharkmi300x-4,gfx942,4096,4096,8192,64,16,32,8,8,0,0,0,"[0, 1]",LLVMGPUVectorDistribute,"PipelineOptionsSearchSpace(prefetch_shared_memory=[True], no_reduce_shared_memory_bank_conflicts=[None], use_igemm_convolution=[None])",[2],,#iree_gpu.mma_layout<MFMA_F32_16x16x32_F8E4M3FNUZ>,256,128,128,256,2,1,2,4,"['--iree-hal-target-device=hip', '--iree-hip-target=gfx942', '--compile-from=executable-sources']",2,True,"['--input=1', '--benchmark_repetitions=3']",True,hip://2,True,357.5,308.33,269.67,0.86247,27,21,6,204,302.06,,tuning_2025_09_29_16_28/candidates/specs/2_spec.mlir
compute_gemm_4096_4096_8192_f8E4M3FNUZ_f32_tB,3,contraction,sharkmi300x-4,gfx942,4096,4096,8192,64,32,16,8,8,0,0,0,"[0, 1]",LLVMGPUVectorDistribute,"PipelineOptionsSearchSpace(prefetch_shared_memory=[True], no_reduce_shared_memory_bank_conflicts=[None], use_igemm_convolution=[None])",[2],,#iree_gpu.mma_layout<MFMA_F32_32x32x16_F8E4M3FNUZ>,64,32,32,64,1,1,1,1,"['--iree-hal-target-device=hip', '--iree-hip-target=gfx942', '--compile-from=executable-sources']",3,True,"['--input=1', '--benchmark_repetitions=3']",True,hip://6,True,357.33,1633.33,269.67,4.5709,7,722,715,204,302.06,,tuning_2025_09_29_16_28/candidates/specs/3_spec.mlir
compute_gemm_4096_4096_8192_f8E4M3FNUZ_f32_tB,4,contraction,sharkmi300x-4,gfx942,4096,4096,8192,64,32,16,8,8,0,0,0,"[0, 1]",LLVMGPUVectorDistribute,"PipelineOptionsSearchSpace(prefetch_shared_memory=[True], no_reduce_shared_memory_bank_conflicts=[None], use_igemm_convolution=[None])",[2],,#iree_gpu.mma_layout<MFMA_F32_32x32x16_F8E4M3FNUZ>,32,256,128,128,1,1,1,2,"['--iree-hal-target-device=hip', '--iree-hip-target=gfx942', '--compile-from=executable-sources']",4,True,"['--input=1', '--benchmark_repetitions=3']",True,hip://6,True,357.33,688.0,269.67,1.92537,29,480,451,204,302.06,,tuning_2025_09_29_16_28/candidates/specs/4_spec.mlir
compute_gemm_4096_4096_8192_f8E4M3FNUZ_f32_tB,5,contraction,sharkmi300x-4,gfx942,4096,4096,8192,64,32,16,8,8,0,0,0,"[0, 1]",LLVMGPUVectorDistribute,"PipelineOptionsSearchSpace(prefetch_shared_memory=[True], no_reduce_shared_memory_bank_conflicts=[None], use_igemm_convolution=[None])",[2],,#iree_gpu.mma_layout<MFMA_F32_32x32x16_F8E4M3FNUZ>,64,128,128,128,1,1,1,2,"['--iree-hal-target-device=hip', '--iree-hip-target=gfx942', '--compile-from=executable-sources']",5,True,"['--input=1', '--benchmark_repetitions=3']",True,hip://6,True,357.33,318.67,269.67,0.89179,25,37,12,204,302.06,,tuning_2025_09_29_16_28/candidates/specs/5_spec.mlir
compute_gemm_4096_4096_8192_f8E4M3FNUZ_f32_tB,6,contraction,sharkmi300x-4,gfx942,4096,4096,8192,64,16,32,8,8,0,0,0,"[0, 1]",LLVMGPUVectorDistribute,"PipelineOptionsSearchSpace(prefetch_shared_memory=[True], no_reduce_shared_memory_bank_conflicts=[None], use_igemm_convolution=[None])",[2],,#iree_gpu.mma_layout<MFMA_F32_16x16x32_F8E4M3FNUZ>,16,64,128,64,1,1,1,1,"['--iree-hal-target-device=hip', '--iree-hip-target=gfx942', '--compile-from=executable-sources']",6,True,"['--input=1', '--benchmark_repetitions=3']",True,hip://2,True,357.5,615.0,269.67,1.72028,9,410,401,204,302.06,,tuning_2025_09_29_16_28/candidates/specs/6_spec.mlir
compute_gemm_4096_4096_8192_f8E4M3FNUZ_f32_tB,7,contraction,sharkmi300x-4,gfx942,4096,4096,8192,64,32,16,8,8,0,0,0,"[0, 1]",LLVMGPUVectorDistribute,"PipelineOptionsSearchSpace(prefetch_shared_memory=[True], no_reduce_shared_memory_bank_conflicts=[None], use_igemm_convolution=[None])",[2],,#iree_gpu.mma_layout<MFMA_F32_32x32x16_F8E4M3FNUZ>,32,512,32,128,1,1,1,2,"['--iree-hal-target-device=hip', '--iree-hip-target=gfx942', '--compile-from=executable-sources']",7,True,"['--input=1', '--benchmark_repetitions=3']",True,hip://2,True,357.5,842.67,269.67,2.35711,34,556,522,204,302.06,,tuning_2025_09_29_16_28/candidates/specs/7_spec.mlir
compute_gemm_4096_4096_8192_f8E4M3FNUZ_f32_tB,8,contraction,sharkmi300x-4,gfx942,4096,4096,8192,64,16,32,8,8,0,0,0,"[0, 1]",LLVMGPUVectorDistribute,"PipelineOptionsSearchSpace(prefetch_shared_memory=[True], no_reduce_shared_memory_bank_conflicts=[None], use_igemm_convolution=[None])",[2],,#iree_gpu.mma_layout<MFMA_F32_16x16x32_F8E4M3FNUZ>,64,128,256,128,4,1,4,2,"['--iree-hal-target-device=hip', '--iree-hip-target=gfx942', '--compile-from=executable-sources']",8,True,"['--input=1', '--benchmark_repetitions=3']",True,hip://7,True,352.5,361.33,269.67,1.02506,22,108,86,204,302.06,,tuning_2025_09_29_16_28/candidates/specs/8_spec.mlir
compute_gemm_4096_4096_8192_f8E4M3FNUZ_f32_tB,9,contraction,sharkmi300x-4,gfx942,4096,4096,8192,64,16,32,8,8,0,0,0,"[0, 1]",LLVMGPUVectorDistribute,"PipelineOptionsSearchSpace(prefetch_shared_memory=[True], no_reduce_shared_memory_bank_conflicts=[None], use_igemm_convolution=[None])",[2],,#iree_gpu.mma_layout<MFMA_F32_16x16x32_F8E4M3FNUZ>,512,128,64,128,2,1,2,2,"['--iree-hal-target-device=hip', '--iree-hip-target=gfx942', '--compile-from=executable-sources']",9,True,"['--input=1', '--benchmark_repetitions=3']",True,hip://6,True,357.33,497.67,269.67,1.39272,87,286,199,204,302.06,,tuning_2025_09_29_16_28/candidates/specs/9_spec.mlir
compute_gemm_4096_4096_8192_f8E4M3FNUZ_f32_tB,10,contraction,sharkmi300x-4,gfx942,4096,4096,8192,64,16,32,8,8,0,0,0,"[0, 1]",LLVMGPUVectorDistribute,"PipelineOptionsSearchSpace(prefetch_shared_memory=[True], no_reduce_shared_memory_bank_conflicts=[None], use_igemm_convolution=[None])",[2],,#iree_gpu.mma_layout<MFMA_F32_16x16x32_F8E4M3FNUZ>,64,256,128,64,2,1,2,1,"['--iree-hal-target-device=hip', '--iree-hip-target=gfx942', '--compile-from=executable-sources']",10,True,"['--input=1', '--benchmark_repetitions=3']",True,hip://5,True,360.33,653.0,269.67,1.81221,64,446,382,204,302.06,,tuning_2025_09_29_16_28/candidates/specs/10_spec.mlir
compute_gemm_4096_4096_8192_f8E4M3FNUZ_f32_tB,11,contraction,sharkmi300x-4,gfx942,4096,4096,8192,64,32,16,8,8,0,0,0,"[0, 1]",LLVMGPUVectorDistribute,"PipelineOptionsSearchSpace(prefetch_shared_memory=[True], no_reduce_shared_memory_bank_conflicts=[None], use_igemm_convolution=[None])",[2],,#iree_gpu.mma_layout<MFMA_F32_32x32x16_F8E4M3FNUZ>,256,512,64,128,2,1,2,2,"['--iree-hal-target-device=hip', '--iree-hip-target=gfx942', '--compile-from=executable-sources']",11,True,"['--input=1', '--benchmark_repetitions=3']",True,hip://5,True,360.33,10133.33,269.67,28.12211,164,888,724,204,302.06,,tuning_2025_09_29_16_28/candidates/specs/11_spec.mlir
compute_gemm_4096_4096_8192_f8E4M3FNUZ_f32_tB,12,contraction,sharkmi300x-4,gfx942,4096,4096,8192,64,32,16,8,8,0,0,0,"[0, 1]",LLVMGPUVectorDistribute,"PipelineOptionsSearchSpace(prefetch_shared_memory=[True], no_reduce_shared_memory_bank_conflicts=[None], use_igemm_convolution=[None])",[2],,#iree_gpu.mma_layout<MFMA_F32_32x32x16_F8E4M3FNUZ>,32,256,128,64,1,1,1,1,"['--iree-hal-target-device=hip', '--iree-hip-target=gfx942', '--compile-from=executable-sources']",12,True,"['--input=1', '--benchmark_repetitions=3']",True,hip://7,True,352.5,1010.0,269.67,2.86525,70,636,566,204,302.06,,tuning_2025_09_29_16_28/candidates/specs/12_spec.mlir
compute_gemm_4096_4096_8192_f8E4M3FNUZ_f32_tB,13,contraction,sharkmi300x-4,gfx942,4096,4096,8192,64,16,32,8,8,0,0,0,"[0, 1]",LLVMGPUVectorDistribute,"PipelineOptionsSearchSpace(prefetch_shared_memory=[True], no_reduce_shared_memory_bank_conflicts=[None], use_igemm_convolution=[None])",[2],,#iree_gpu.mma_layout<MFMA_F32_16x16x32_F8E4M3FNUZ>,256,16,64,64,8,1,8,1,"['--iree-hal-target-device=hip', '--iree-hip-target=gfx942', '--compile-from=executable-sources']",13,True,"['--input=1', '--benchmark_repetitions=3']",True,hip://5,True,360.33,1020.0,269.67,2.83071,2,627,625,204,302.06,,tuning_2025_09_29_16_28/candidates/specs/13_spec.mlir
compute_gemm_4096_4096_8192_f8E4M3FNUZ_f32_tB,14,contraction,sharkmi300x-4,gfx942,4096,4096,8192,64,16,32,8,8,0,0,0,"[0, 1]",LLVMGPUVectorDistribute,"PipelineOptionsSearchSpace(prefetch_shared_memory=[True], no_reduce_shared_memory_bank_conflicts=[None], use_igemm_convolution=[None])",[2],,#iree_gpu.mma_layout<MFMA_F32_16x16x32_F8E4M3FNUZ>,128,128,64,64,1,1,1,1,"['--iree-hal-target-device=hip', '--iree-hip-target=gfx942', '--compile-from=executable-sources']",14,True,"['--input=1', '--benchmark_repetitions=3']",True,hip://5,True,360.33,640.33,269.67,1.77706,80,425,345,204,302.06,,tuning_2025_09_29_16_28/candidates/specs/14_spec.mlir
compute_gemm_4096_4096_8192_f8E4M3FNUZ_f32_tB,15,contraction,sharkmi300x-4,gfx942,4096,4096,8192,64,32,16,8,8,0,0,0,"[0, 1]",LLVMGPUVectorDistribute,"PipelineOptionsSearchSpace(prefetch_shared_memory=[True], no_reduce_shared_memory_bank_conflicts=[None], use_igemm_convolution=[None])",[2],,#iree_gpu.mma_layout<MFMA_F32_32x32x16_F8E4M3FNUZ>,512,128,64,64,2,1,2,1,"['--iree-hal-target-device=hip', '--iree-hip-target=gfx942', '--compile-from=executable-sources']",15,True,"['--input=1', '--benchmark_repetitions=3']",True,hip://2,True,357.5,9110.0,269.67,25.48252,174,875,701,204,302.06,,tuning_2025_09_29_16_28/candidates/specs/15_spec.mlir
compute_gemm_4096_4096_8192_f8E4M3FNUZ_f32_tB,16,contraction,sharkmi300x-4,gfx942,4096,4096,8192,64,16,32,8,8,0,0,0,"[0, 1]",LLVMGPUVectorDistribute,"PipelineOptionsSearchSpace(prefetch_shared_memory=[True], no_reduce_shared_memory_bank_conflicts=[None], use_igemm_convolution=[None])",[2],,#iree_gpu.mma_layout<MFMA_F32_16x16x32_F8E4M3FNUZ>,64,128,64,64,4,1,4,1,"['--iree-hal-target-device=hip', '--iree-hip-target=gfx942', '--compile-from=executable-sources']",16,True,"['--input=1', '--benchmark_repetitions=3']",True,hip://2,True,357.5,376.0,269.67,1.05175,18,124,106,204,302.06,,tuning_2025_09_29_16_28/candidates/specs/16_spec.mlir
compute_gemm_4096_4096_8192_f8E4M3FNUZ_f32_tB,17,contraction,sharkmi300x-4,gfx942,4096,4096,8192,64,16,32,8,8,0,0,0,"[0, 1]",LLVMGPUVectorDistribute,"PipelineOptionsSearchSpace(prefetch_shared_memory=[True], no_reduce_shared_memory_bank_conflicts=[None], use_igemm_convolution=[None])",[2],,#iree_gpu.mma_layout<MFMA_F32_16x16x32_F8E4M3FNUZ>,256,256,64,256,2,1,2,4,"['--iree-hal-target-device=hip', '--iree-hip-target=gfx942', '--compile-from=executable-sources']",17,True,"['--input=1', '--benchmark_repetitions=3']",True,hip://7,True,352.5,285.33,269.67,0.80946,40,7,33,204,302.06,411.7,tuning_2025_09_29_16_28/candidates/specs/17_spec.mlir
compute_gemm_4096_4096_8192_f8E4M3FNUZ_f32_tB,18,contraction,sharkmi300x-4,gfx942,4096,4096,8192,64,16,32,8,8,0,0,0,"[0, 1]",LLVMGPUVectorDistribute,"PipelineOptionsSearchSpace(prefetch_shared_memory=[True], no_reduce_shared_memory_bank_conflicts=[None], use_igemm_convolution=[None])",[2],,#iree_gpu.mma_layout<MFMA_F32_16x16x32_F8E4M3FNUZ>,256,64,128,256,2,1,2,4,"['--iree-hal-target-device=hip', '--iree-hip-target=gfx942', '--compile-from=executable-sources']",18,True,"['--input=1', '--benchmark_repetitions=3']",True,hip://5,True,360.33,410.0,269.67,1.13784,23,169,146,204,302.06,,tuning_2025_09_29_16_28/candidates/specs/18_spec.mlir
compute_gemm_4096_4096_8192_f8E4M3FNUZ_f32_tB,19,contraction,sharkmi300x-4,gfx942,4096,4096,8192,64,16,32,8,8,0,0,0,"[0, 1]",LLVMGPUVectorDistribute,"PipelineOptionsSearchSpace(prefetch_shared_memory=[True], no_reduce_shared_memory_bank_conflicts=[None], use_igemm_convolution=[None])",[2],,#iree_gpu.mma_layout<MFMA_F32_16x16x32_F8E4M3FNUZ>,128,16,64,64,8,1,8,1,"['--iree-hal-target-device=hip', '--iree-hip-target=gfx942', '--compile-from=executable-sources']",19,True,"['--input=1', '--benchmark_repetitions=3']",True,hip://6,True,357.33,971.0,269.67,2.71735,3,609,606,204,302.06,,tuning_2025_09_29_16_28/candidates/specs/19_spec.mlir
compute_gemm_4096_4096_8192_f8E4M3FNUZ_f32_tB,20,contraction,sharkmi300x-4,gfx942,4096,4096,8192,64,32,16,8,8,0,0,0,"[0, 1]",LLVMGPUVectorDistribute,"PipelineOptionsSearchSpace(prefetch_shared_memory=[True], no_reduce_shared_memory_bank_conflicts=[None], use_igemm_convolution=[None])",[2],,#iree_gpu.mma_layout<MFMA_F32_32x32x16_F8E4M3FNUZ>,256,256,64,256,2,1,2,4,"['--iree-hal-target-device=hip', '--iree-hip-target=gfx942', '--compile-from=executable-sources']",20,True,"['--input=1', '--benchmark_repetitions=3']",True,hip://2,True,357.5,290.0,269.67,0.81119,38,8,30,204,302.06,411.7,tuning_2025_09_29_16_28/candidates/specs/20_spec.mlir
compute_gemm_4096_4096_8192_f8E4M3FNUZ_f32_tB,21,contraction,sharkmi300x-4,gfx942,4096,4096,8192,64,16,32,8,8,0,0,0,"[0, 1]",LLVMGPUVectorDistribute,"PipelineOptionsSearchSpace(prefetch_shared_memory=[True], no_reduce_shared_memory_bank_conflicts=[None], use_igemm_convolution=[None])",[2],,#iree_gpu.mma_layout<MFMA_F32_16x16x32_F8E4M3FNUZ>,128,64,256,64,2,1,2,1,"['--iree-hal-target-device=hip', '--iree-hip-target=gfx942', '--compile-from=executable-sources']",21,True,"['--input=1', '--benchmark_repetitions=3']",True,hip://7,True,352.5,531.67,269.67,1.50827,47,349,302,204,302.06,,tuning_2025_09_29_16_28/candidates/specs/21_spec.mlir
compute_gemm_4096_4096_8192_f8E4M3FNUZ_f32_tB,22,contraction,sharkmi300x-4,gfx942,4096,4096,8192,64,32,16,8,8,0,0,0,"[0, 1]",LLVMGPUVectorDistribute,"PipelineOptionsSearchSpace(prefetch_shared_memory=[True], no_reduce_shared_memory_bank_conflicts=[None], use_igemm_convolution=[None])",[2],,#iree_gpu.mma_layout<MFMA_F32_32x32x16_F8E4M3FNUZ>,128,64,64,128,1,1,1,2,"['--iree-hal-target-device=hip', '--iree-hip-target=gfx942', '--compile-from=executable-sources']",22,True,"['--input=1', '--benchmark_repetitions=3']",True,hip://2,True,357.5,394.0,269.67,1.1021,24,147,123,204,302.06,,tuning_2025_09_29_16_28/candidates/specs/22_spec.mlir
compute_gemm_4096_4096_8192_f8E4M3FNUZ_f32_tB,23,contraction,sharkmi300x-4,gfx942,4096,4096,8192,64,32,16,8,8,0,0,0,"[0, 1]",LLVMGPUVectorDistribute,"PipelineOptionsSearchSpace(prefetch_shared_memory=[True], no_reduce_shared_memory_bank_conflicts=[None], use_igemm_convolution=[None])",[2],,#iree_gpu.mma_layout<MFMA_F32_32x32x16_F8E4M3FNUZ>,64,64,256,64,1,1,1,1,"['--iree-hal-target-device=hip', '--iree-hip-target=gfx942', '--compile-from=executable-sources']",23,True,"['--input=1', '--benchmark_repetitions=3']",True,hip://2,True,357.5,849.67,269.67,2.37669,42,560,518,204,302.06,,tuning_2025_09_29_16_28/candidates/specs/23_spec.mlir
compute_gemm_4096_4096_8192_f8E4M3FNUZ_f32_tB,24,contraction,sharkmi300x-4,gfx942,4096,4096,8192,64,16,32,8,8,0,0,0,"[0, 1]",LLVMGPUVectorDistribute,"PipelineOptionsSearchSpace(prefetch_shared_memory=[True], no_reduce_shared_memory_bank_conflicts=[None], use_igemm_convolution=[None])",[2],,#iree_gpu.mma_layout<MFMA_F32_16x16x32_F8E4M3FNUZ>,256,32,64,64,1,1,1,1,"['--iree-hal-target-device=hip', '--iree-hip-target=gfx942', '--compile-from=executable-sources']",24,True,"['--input=1', '--benchmark_repetitions=3']",True,hip://7,True,352.5,727.67,269.67,2.0643,51,512,461,204,302.06,,tuning_2025_09_29_16_28/candidates/specs/24_spec.mlir
compute_gemm_4096_4096_8192_f8E4M3FNUZ_f32_tB,25,contraction,sharkmi300x-4,gfx942,4096,4096,8192,64,32,16,8,8,0,0,0,"[0, 1]",LLVMGPUVectorDistribute,"PipelineOptionsSearchSpace(prefetch_shared_memory=[True], no_reduce_shared_memory_bank_conflicts=[None], use_igemm_convolution=[None])",[2],,#iree_gpu.mma_layout<MFMA_F32_32x32x16_F8E4M3FNUZ>,128,256,128,256,2,1,2,4,"['--iree-hal-target-device=hip', '--iree-hip-target=gfx942', '--compile-from=executable-sources']",25,True,"['--input=1', '--benchmark_repetitions=3']",True,hip://7,True,352.5,346.33,269.67,0.98251,26,88,62,204,302.06,,tuning_2025_09_29_16_28/candidates/specs/25_spec.mlir
compute_gemm_4096_4096_8192_f8E4M3FNUZ_f32_tB,26,contraction,sharkmi300x-4,gfx942,4096,4096,8192,64,16,32,8,8,0,0,0,"[0, 1]",LLVMGPUVectorDistribute,"PipelineOptionsSearchSpace(prefetch_shared_memory=[True], no_reduce_shared_memory_bank_conflicts=[None], use_igemm_convolution=[None])",[2],,#iree_gpu.mma_layout<MFMA_F32_16x16x32_F8E4M3FNUZ>,512,32,64,64,1,1,1,1,"['--iree-hal-target-device=hip', '--iree-hip-target=gfx942', '--compile-from=executable-sources']",26,True,"['--input=1', '--benchmark_repetitions=3']",True,hip://2,True,357.5,3403.33,269.67,9.51981,101,804,703,204,302.06,,tuning_2025_09_29_16_28/candidates/specs/26_spec.mlir
compute_gemm_4096_4096_8192_f8E4M3FNUZ_f32_tB,27,contraction,sharkmi300x-4,gfx942,4096,4096,8192,64,16,32,8,8,0,0,0,"[0, 1]",LLVMGPUVectorDistribute,"PipelineOptionsSearchSpace(prefetch_shared_memory=[True], no_reduce_shared_memory_bank_conflicts=[None], use_igemm_convolution=[None])",[2],,#iree_gpu.mma_layout<MFMA_F32_16x16x32_F8E4M3FNUZ>,32,256,32,256,2,1,2,4,"['--iree-hal-target-device=hip', '--iree-hip-target=gfx942', '--compile-from=executable-sources']",27,True,"['--input=1', '--benchmark_repetitions=3']",True,hip://2,True,357.5,832.0,269.67,2.32727,5,546,541,204,302.06,,tuning_2025_09_29_16_28/candidates/specs/27_spec.mlir
compute_gemm_4096_4096_8192_f8E4M3FNUZ_f32_tB,28,contraction,sharkmi300x-4,gfx942,4096,4096,8192,64,16,32,8,8,0,0,0,"[0, 1]",LLVMGPUVectorDistribute,"PipelineOptionsSearchSpace(prefetch_shared_memory=[True], no_reduce_shared_memory_bank_conflicts=[None], use_igemm_convolution=[None])",[2],,#iree_gpu.mma_layout<MFMA_F32_16x16x32_F8E4M3FNUZ>,64,128,32,64,1,1,1,1,"['--iree-hal-target-device=hip', '--iree-hip-target=gfx942', '--compile-from=executable-sources']",28,True,"['--input=1', '--benchmark_repetitions=3']",True,hip://5,True,360.33,648.0,269.67,1.79833,32,435,403,204,302.06,,tuning_2025_09_29_16_28/candidates/specs/28_spec.mlir
compute_gemm_4096_4096_8192_f8E4M3FNUZ_f32_tB,29,contraction,sharkmi300x-4,gfx942,4096,4096,8192,64,16,32,8,8,0,0,0,"[0, 1]",LLVMGPUVectorDistribute,"PipelineOptionsSearchSpace(prefetch_shared_memory=[True], no_reduce_shared_memory_bank_conflicts=[None], use_igemm_convolution=[None])",[2],,#iree_gpu.mma_layout<MFMA_F32_16x16x32_F8E4M3FNUZ>,256,64,32,128,4,1,4,2,"['--iree-hal-target-device=hip', '--iree-hip-target=gfx942', '--compile-from=executable-sources']",29,True,"['--input=1', '--benchmark_repetitions=3']",True,hip://5,True,360.33,644.33,269.67,1.78816,6,429,423,204,302.06,,tuning_2025_09_29_16_28/candidates/specs/29_spec.mlir
compute_gemm_4096_4096_8192_f8E4M3FNUZ_f32_tB,30,contraction,sharkmi300x-4,gfx942,4096,4096,8192,64,16,32,8,8,0,0,0,"[0, 1]",LLVMGPUVectorDistribute,"PipelineOptionsSearchSpace(prefetch_shared_memory=[True], no_reduce_shared_memory_bank_conflicts=[None], use_igemm_convolution=[None])",[2],,#iree_gpu.mma_layout<MFMA_F32_16x16x32_F8E4M3FNUZ>,512,512,32,128,2,1,2,2,"['--iree-hal-target-device=hip', '--iree-hip-target=gfx942', '--compile-from=executable-sources']",30,True,"['--input=1', '--benchmark_repetitions=3']",True,hip://7,True,352.5,16500.0,269.67,46.80851,573,930,357,204,302.06,,tuning_2025_09_29_16_28/candidates/specs/30_spec.mlir
compute_gemm_4096_4096_8192_f8E4M3FNUZ_f32_tB,31,contraction,sharkmi300x-4,gfx942,4096,4096,8192,64,32,16,8,8,0,0,0,"[0, 1]",LLVMGPUVectorDistribute,"PipelineOptionsSearchSpace(prefetch_shared_memory=[True], no_reduce_shared_memory_bank_conflicts=[None], use_igemm_convolution=[None])",[2],,#iree_gpu.mma_layout<MFMA_F32_32x32x16_F8E4M3FNUZ>,256,64,32,64,8,1,8,1,"['--iree-hal-target-device=hip', '--iree-hip-target=gfx942', '--compile-from=executable-sources']",31,True,"['--input=1', '--benchmark_repetitions=3']",True,hip://7,True,352.5,649.33,269.67,1.84208,8,463,455,204,302.06,,tuning_2025_09_29_16_28/candidates/specs/31_spec.mlir
compute_gemm_4096_4096_8192_f8E4M3FNUZ_f32_tB,32,contraction,sharkmi300x-4,gfx942,4096,4096,8192,64,16,32,8,8,0,0,0,"[0, 1]",LLVMGPUVectorDistribute,"PipelineOptionsSearchSpace(prefetch_shared_memory=[True], no_reduce_shared_memory_bank_conflicts=[None], use_igemm_convolution=[None])",[2],,#iree_gpu.mma_layout<MFMA_F32_16x16x32_F8E4M3FNUZ>,64,512,64,64,2,1,2,1,"['--iree-hal-target-device=hip', '--iree-hip-target=gfx942', '--compile-from=executable-sources']",32,True,"['--input=1', '--benchmark_repetitions=3']",True,hip://2,True,357.5,1966.67,269.67,5.50117,90,763,673,204,302.06,,tuning_2025_09_29_16_28/candidates/specs/32_spec.mlir
compute_gemm_4096_4096_8192_f8E4M3FNUZ_f32_tB,33,contraction,sharkmi300x-4,gfx942,4096,4096,8192,64,32,16,8,8,0,0,0,"[0, 1]",LLVMGPUVectorDistribute,"PipelineOptionsSearchSpace(prefetch_shared_memory=[True], no_reduce_shared_memory_bank_conflicts=[None], use_igemm_convolution=[None])",[2],,#iree_gpu.mma_layout<MFMA_F32_32x32x16_F8E4M3FNUZ>,64,128,32,64,2,1,2,1,"['--iree-hal-target-device=hip', '--iree-hip-target=gfx942', '--compile-from=executable-sources']",33,True,"['--input=1', '--benchmark_repetitions=3']",True,hip://5,True,360.33,658.33,269.67,1.82701,20,454,434,204,302.06,,tuning_2025_09_29_16_28/candidates/specs/33_spec.mlir
compute_gemm_4096_4096_8192_f8E4M3FNUZ_f32_tB,34,contraction,sharkmi300x-4,gfx942,4096,4096,8192,64,16,32,8,8,0,0,0,"[0, 1]",LLVMGPUVectorDistribute,"PipelineOptionsSearchSpace(prefetch_shared_memory=[True], no_reduce_shared_memory_bank_conflicts=[None], use_igemm_convolution=[None])",[2],,#iree_gpu.mma_layout<MFMA_F32_16x16x32_F8E4M3FNUZ>,512,512,32,256,1,1,1,4,"['--iree-hal-target-device=hip', '--iree-hip-target=gfx942', '--compile-from=executable-sources']",34,True,"['--input=1', '--benchmark_repetitions=3']",True,hip://5,True,360.33,15500.0,269.67,43.01573,566,925,359,204,302.06,,tuning_2025_09_29_16_28/candidates/specs/34_spec.mlir
compute_gemm_4096_4096_8192_f8E4M3FNUZ_f32_tB,35,contraction,sharkmi300x-4,gfx942,4096,4096,8192,64,32,16,8,8,0,0,0,"[0, 1]",LLVMGPUVectorDistribute,"PipelineOptionsSearchSpace(prefetch_shared_memory=[True], no_reduce_shared_memory_bank_conflicts=[None], use_igemm_convolution=[None])",[2],,#iree_gpu.mma_layout<MFMA_F32_32x32x16_F8E4M3FNUZ>,64,32,256,64,2,1,2,1,"['--iree-hal-target-device=hip', '--iree-hip-target=gfx942', '--compile-from=executable-sources']",35,True,"['--input=1', '--benchmark_repetitions=3']",True,hip://7,True,352.5,501.33,269.67,1.42222,17,301,284,204,302.06,,tuning_2025_09_29_16_28/candidates/specs/35_spec.mlir
compute_gemm_4096_4096_8192_f8E4M3FNUZ_f32_tB,36,contraction,sharkmi300x-4,gfx942,4096,4096,8192,64,32,16,8,8,0,0,0,"[0, 1]",LLVMGPUVectorDistribute,"PipelineOptionsSearchSpace(prefetch_shared_memory=[True], no_reduce_shared_memory_bank_conflicts=[None], use_igemm_convolution=[None])",[2],,#iree_gpu.mma_layout<MFMA_F32_32x32x16_F8E4M3FNUZ>,512,512,64,64,2,1,2,1,"['--iree-hal-target-device=hip', '--iree-hip-target=gfx942', '--compile-from=executable-sources']",36,True,"['--input=1', '--benchmark_repetitions=3']",True,hip://6,True,357.33,19800.0,269.67,55.41045,823,944,121,204,302.06,,tuning_2025_09_29_16_28/candidates/specs/36_spec.mlir
compute_gemm_4096_4096_8192_f8E4M3FNUZ_f32_tB,37,contraction,sharkmi300x-4,gfx942,4096,4096,8192,64,16,32,8,8,0,0,0,"[0, 1]",LLVMGPUVectorDistribute,"PipelineOptionsSearchSpace(prefetch_shared_memory=[True], no_reduce_shared_memory_bank_conflicts=[None], use_igemm_convolution=[None])",[2],,#iree_gpu.mma_layout<MFMA_F32_16x16x32_F8E4M3FNUZ>,256,512,64,128,4,1,4,2,"['--iree-hal-target-device=hip', '--iree-hip-target=gfx942', '--compile-from=executable-sources']",37,True,"['--input=1', '--benchmark_repetitions=3']",True,hip://6,True,357.33,3090.0,269.67,8.64739,75,799,724,204,302.06,,tuning_2025_09_29_16_28/candidates/specs/37_spec.mlir
compute_gemm_4096_4096_8192_f8E4M3FNUZ_f32_tB,38,contraction,sharkmi300x-4,gfx942,4096,4096,8192,64,32,16,8,8,0,0,0,"[0, 1]",LLVMGPUVectorDistribute,"PipelineOptionsSearchSpace(prefetch_shared_memory=[True], no_reduce_shared_memory_bank_conflicts=[None], use_igemm_convolution=[None])",[2],,#iree_gpu.mma_layout<MFMA_F32_32x32x16_F8E4M3FNUZ>,128,128,32,128,1,1,1,2,"['--iree-hal-target-device=hip', '--iree-hip-target=gfx942', '--compile-from=executable-sources']",38,True,"['--input=1', '--benchmark_repetitions=3']",True,hip://2,True,357.5,510.67,269.67,1.42844,31,303,272,204,302.06,,tuning_2025_09_29_16_28/candidates/specs/38_spec.mlir
compute_gemm_4096_4096_8192_f8E4M3FNUZ_f32_tB,39,contraction,sharkmi300x-4,gfx942,4096,4096,8192,64,16,32,8,8,0,0,0,"[0, 1]",LLVMGPUVectorDistribute,"PipelineOptionsSearchSpace(prefetch_shared_memory=[True], no_reduce_shared_memory_bank_conflicts=[None], use_igemm_convolution=[None])",[2],,#iree_gpu.mma_layout<MFMA_F32_16x16x32_F8E4M3FNUZ>,128,128,32,128,1,1,1,2,"['--iree-hal-target-device=hip', '--iree-hip-target=gfx942', '--compile-from=executable-sources']",39,True,"['--input=1', '--benchmark_repetitions=3']",True,hip://7,True,352.5,500.33,269.67,1.41939,30,300,270,204,302.06,,tuning_2025_09_29_16_28/candidates/specs/39_spec.mlir
compute_gemm_4096_4096_8192_f8E4M3FNUZ_f32_tB,40,contraction,sharkmi300x-4,gfx942,4096,4096,8192,64,16,32,8,8,0,0,0,"[0, 1]",LLVMGPUVectorDistribute,"PipelineOptionsSearchSpace(prefetch_shared_memory=[True], no_reduce_shared_memory_bank_conflicts=[None], use_igemm_convolution=[None])",[2],,#iree_gpu.mma_layout<MFMA_F32_16x16x32_F8E4M3FNUZ>,512,512,64,512,1,1,1,8,"['--iree-hal-target-device=hip', '--iree-hip-target=gfx942', '--compile-from=executable-sources']",40,True,"['--input=1', '--benchmark_repetitions=3']",True,hip://2,True,357.5,6510.0,269.67,18.20979,146,835,689,204,302.06,,tuning_2025_09_29_16_28/candidates/specs/40_spec.mlir
compute_gemm_4096_4096_8192_f8E4M3FNUZ_f32_tB,41,contraction,sharkmi300x-4,gfx942,4096,4096,8192,64,32,16,8,8,0,0,0,"[0, 1]",LLVMGPUVectorDistribute,"PipelineOptionsSearchSpace(prefetch_shared_memory=[True], no_reduce_shared_memory_bank_conflicts=[None], use_igemm_convolution=[None])",[2],,#iree_gpu.mma_layout<MFMA_F32_32x32x16_F8E4M3FNUZ>,512,512,32,64,2,1,2,1,"['--iree-hal-target-device=hip', '--iree-hip-target=gfx942', '--compile-from=executable-sources']",41,True,"['--input=1', '--benchmark_repetitions=3']",True,hip://7,True,352.5,36766.67,269.67,104.3026,762,955,193,204,302.06,,tuning_2025_09_29_16_28/candidates/specs/41_spec.mlir
compute_gemm_4096_4096_8192_f8E4M3FNUZ_f32_tB,42,contraction,sharkmi300x-4,gfx942,4096,4096,8192,64,32,16,8,8,0,0,0,"[0, 1]",LLVMGPUVectorDistribute,"PipelineOptionsSearchSpace(prefetch_shared_memory=[True], no_reduce_shared_memory_bank_conflicts=[None], use_igemm_convolution=[None])",[2],,#iree_gpu.mma_layout<MFMA_F32_32x32x16_F8E4M3FNUZ>,512,64,64,64,4,1,4,1,"['--iree-hal-target-device=hip', '--iree-hip-target=gfx942', '--compile-from=executable-sources']",42,True,"['--input=1', '--benchmark_repetitions=3']",True,hip://6,True,357.33,463.0,269.67,1.29571,45,235,190,204,302.06,,tuning_2025_09_29_16_28/candidates/specs/42_spec.mlir
compute_gemm_4096_4096_8192_f8E4M3FNUZ_f32_tB,43,contraction,sharkmi300x-4,gfx942,4096,4096,8192,64,16,32,8,8,0,0,0,"[0, 1]",LLVMGPUVectorDistribute,"PipelineOptionsSearchSpace(prefetch_shared_memory=[True], no_reduce_shared_memory_bank_conflicts=[None], use_igemm_convolution=[None])",[2],,#iree_gpu.mma_layout<MFMA_F32_16x16x32_F8E4M3FNUZ>,128,32,32,64,1,1,1,1,"['--iree-hal-target-device=hip', '--iree-hip-target=gfx942', '--compile-from=executable-sources']",43,True,"['--input=1', '--benchmark_repetitions=3']",True,hip://6,True,357.33,1340.0,269.67,3.75,21,687,666,204,302.06,,tuning_2025_09_29_16_28/candidates/specs/43_spec.mlir
compute_gemm_4096_4096_8192_f8E4M3FNUZ_f32_tB,44,contraction,sharkmi300x-4,gfx942,4096,4096,8192,64,16,32,8,8,0,0,0,"[0, 1]",LLVMGPUVectorDistribute,"PipelineOptionsSearchSpace(prefetch_shared_memory=[True], no_reduce_shared_memory_bank_conflicts=[None], use_igemm_convolution=[None])",[2],,#iree_gpu.mma_layout<MFMA_F32_16x16x32_F8E4M3FNUZ>,512,32,64,128,1,1,1,2,"['--iree-hal-target-device=hip', '--iree-hip-target=gfx942', '--compile-from=executable-sources']",44,True,"['--input=1', '--benchmark_repetitions=3']",True,hip://6,True,357.33,1083.33,269.67,3.03172,57,658,601,204,302.06,,tuning_2025_09_29_16_28/candidates/specs/44_spec.mlir
compute_gemm_4096_4096_8192_f8E4M3FNUZ_f32_tB,45,contraction,sharkmi300x-4,gfx942,4096,4096,8192,64,16,32,8,8,0,0,0,"[0, 1]",LLVMGPUVectorDistribute,"PipelineOptionsSearchSpace(prefetch_shared_memory=[True], no_reduce_shared_memory_bank_conflicts=[None], use_igemm_convolution=[None])",[2],,#iree_gpu.mma_layout<MFMA_F32_16x16x32_F8E4M3FNUZ>,128,64,256,64,4,1,4,1,"['--iree-hal-target-device=hip', '--iree-hip-target=gfx942', '--compile-from=executable-sources']",45,True,"['--input=1', '--benchmark_repetitions=3']",True,hip://5,True,360.33,422.67,269.67,1.17299,28,195,167,204,302.06,,tuning_2025_09_29_16_28/candidates/specs/45_spec.mlir
compute_gemm_4096_4096_8192_f8E4M3FNUZ_f32_tB,46,contraction,sharkmi300x-4,gfx942,4096,4096,8192,64,32,16,8,8,0,0,0,"[0, 1]",LLVMGPUVectorDistribute,"PipelineOptionsSearchSpace(prefetch_shared_memory=[True], no_reduce_shared_memory_bank_conflicts=[None], use_igemm_convolution=[None])",[2],,#iree_gpu.mma_layout<MFMA_F32_32x32x16_F8E4M3FNUZ>,32,256,32,256,1,1,1,4,"['--iree-hal-target-device=hip', '--iree-hip-target=gfx942', '--compile-from=executable-sources']",46,True,"['--input=1', '--benchmark_repetitions=3']",True,hip://6,True,357.33,835.0,269.67,2.33675,12,547,535,204,302.06,,tuning_2025_09_29_16_28/candidates/specs/46_spec.mlir
compute_gemm_4096_4096_8192_f8E4M3FNUZ_f32_tB,47,contraction,sharkmi300x-4,gfx942,4096,4096,8192,64,16,32,8,8,0,0,0,"[0, 1]",LLVMGPUVectorDistribute,"PipelineOptionsSearchSpace(prefetch_shared_memory=[True], no_reduce_shared_memory_bank_conflicts=[None], use_igemm_convolution=[None])",[2],,#iree_gpu.mma_layout<MFMA_F32_16x16x32_F8E4M3FNUZ>,512,512,32,64,4,1,4,1,"['--iree-hal-target-device=hip', '--iree-hip-target=gfx942', '--compile-from=executable-sources']",47,True,"['--input=1', '--benchmark_repetitions=3']",True,hip://2,True,357.5,17600.0,269.67,49.23077,359,935,576,204,302.06,,tuning_2025_09_29_16_28/candidates/specs/47_spec.mlir
compute_gemm_4096_4096_8192_f8E4M3FNUZ_f32_tB,48,contraction,sharkmi300x-4,gfx942,4096,4096,8192,64,16,32,8,8,0,0,0,"[0, 1]",LLVMGPUVectorDistribute,"PipelineOptionsSearchSpace(prefetch_shared_memory=[True], no_reduce_shared_memory_bank_conflicts=[None], use_igemm_convolution=[None])",[2],,#iree_gpu.mma_layout<MFMA_F32_16x16x32_F8E4M3FNUZ>,16,256,32,256,1,1,1,4,"['--iree-hal-target-device=hip', '--iree-hip-target=gfx942', '--compile-from=executable-sources']",48,True,"['--input=1', '--benchmark_repetitions=3']",True,hip://7,True,352.5,1490.0,269.67,4.22695,4,707,703,204,302.06,,tuning_2025_09_29_16_28/candidates/specs/48_spec.mlir
compute_gemm_4096_4096_8192_f8E4M3FNUZ_f32_tB,49,contraction,sharkmi300x-4,gfx942,4096,4096,8192,64,16,32,8,8,0,0,0,"[0, 1]",LLVMGPUVectorDistribute,"PipelineOptionsSearchSpace(prefetch_shared_memory=[True], no_reduce_shared_memory_bank_conflicts=[None], use_igemm_convolution=[None])",[2],,#iree_gpu.mma_layout<MFMA_F32_16x16x32_F8E4M3FNUZ>,64,32,64,64,4,1,4,1,"['--iree-hal-target-device=hip', '--iree-hip-target=gfx942', '--compile-from=executable-sources']",49,True,"['--input=1', '--benchmark_repetitions=3']",True,hip://2,True,357.5,702.0,269.67,1.96364,1,488,487,204,302.06,,tuning_2025_09_29_16_28/candidates/specs/49_spec.mlir
compute_gemm_4096_4096_8192_f8E4M3FNUZ_f32_tB,50,contraction,sharkmi300x-4,gfx942,4096,4096,8192,64,16,32,8,8,0,0,0,"[0, 1]",LLVMGPUVectorDistribute,"PipelineOptionsSearchSpace(prefetch_shared_memory=[True], no_reduce_shared_memory_bank_conflicts=[None], use_igemm_convolution=[None])",[2],,#iree_gpu.mma_layout<MFMA_F32_16x16x32_F8E4M3FNUZ>,128,256,128,64,1,1,1,1,"['--iree-hal-target-device=hip', '--iree-hip-target=gfx942', '--compile-from=executable-sources']",50,True,"['--input=1', '--benchmark_repetitions=3']",True,hip://5,True,360.33,5870.0,269.67,16.29047,196,824,628,204,302.06,,tuning_2025_09_29_16_28/candidates/specs/50_spec.mlir
compute_gemm_4096_4096_8192_f8E4M3FNUZ_f32_tB,51,contraction,sharkmi300x-4,gfx942,4096,4096,8192,64,16,32,8,8,0,0,0,"[0, 1]",LLVMGPUVectorDistribute,"PipelineOptionsSearchSpace(prefetch_shared_memory=[True], no_reduce_shared_memory_bank_conflicts=[None], use_igemm_convolution=[None])",[2],,#iree_gpu.mma_layout<MFMA_F32_16x16x32_F8E4M3FNUZ>,128,128,64,128,4,1,4,2,"['--iree-hal-target-device=hip', '--iree-hip-target=gfx942', '--compile-from=executable-sources']",51,True,"['--input=1', '--benchmark_repetitions=3']",True,hip://6,True,357.33,340.33,269.67,0.95243,16,74,58,204,302.06,,tuning_2025_09_29_16_28/candidates/specs/51_spec.mlir
compute_gemm_4096_4096_8192_f8E4M3FNUZ_f32_tB,52,contraction,sharkmi300x-4,gfx942,4096,4096,8192,64,16,32,8,8,0,0,0,"[0, 1]",LLVMGPUVectorDistribute,"PipelineOptionsSearchSpace(prefetch_shared_memory=[True], no_reduce_shared_memory_bank_conflicts=[None], use_igemm_convolution=[None])",[2],,#iree_gpu.mma_layout<MFMA_F32_16x16x32_F8E4M3FNUZ>,64,512,32,128,2,1,2,2,"['--iree-hal-target-device=hip', '--iree-hip-target=gfx942', '--compile-from=executable-sources']",52,True,"['--input=1', '--benchmark_repetitions=3']",True,hip://7,True,352.5,495.33,269.67,1.4052,35,292,257,204,302.06,,tuning_2025_09_29_16_28/candidates/specs/52_spec.mlir
compute_gemm_4096_4096_8192_f8E4M3FNUZ_f32_tB,53,contraction,sharkmi300x-4,gfx942,4096,4096,8192,64,32,16,8,8,0,0,0,"[0, 1]",LLVMGPUVectorDistribute,"PipelineOptionsSearchSpace(prefetch_shared_memory=[True], no_reduce_shared_memory_bank_conflicts=[None], use_igemm_convolution=[None])",[2],,#iree_gpu.mma_layout<MFMA_F32_32x32x16_F8E4M3FNUZ>,256,64,128,64,8,1,8,1,"['--iree-hal-target-device=hip', '--iree-hip-target=gfx942', '--compile-from=executable-sources']",53,True,"['--input=1', '--benchmark_repetitions=3']",True,hip://2,True,357.5,357.33,269.67,0.99953,13,96,83,204,302.06,,tuning_2025_09_29_16_28/candidates/specs/53_spec.mlir
compute_gemm_4096_4096_8192_f8E4M3FNUZ_f32_tB,54,contraction,sharkmi300x-4,gfx942,4096,4096,8192,64,16,32,8,8,0,0,0,"[0, 1]",LLVMGPUVectorDistribute,"PipelineOptionsSearchSpace(prefetch_shared_memory=[True], no_reduce_shared_memory_bank_conflicts=[None], use_igemm_convolution=[None])",[2],,#iree_gpu.mma_layout<MFMA_F32_16x16x32_F8E4M3FNUZ>,512,32,64,128,4,1,4,2,"['--iree-hal-target-device=hip', '--iree-hip-target=gfx942', '--compile-from=executable-sources']",54,True,"['--input=1', '--benchmark_repetitions=3']",True,hip://7,True,352.5,775.0,269.67,2.19858,14,533,519,204,302.06,,tuning_2025_09_29_16_28/candidates/specs/54_spec.mlir
compute_gemm_4096_4096_8192_f8E4M3FNUZ_f32_tB,55,contraction,sharkmi300x-4,gfx942,4096,4096,8192,64,32,16,8,8,0,0,0,"[0, 1]",LLVMGPUVectorDistribute,"PipelineOptionsSearchSpace(prefetch_shared_memory=[True], no_reduce_shared_memory_bank_conflicts=[None], use_igemm_convolution=[None])",[2],,#iree_gpu.mma_layout<MFMA_F32_32x32x16_F8E4M3FNUZ>,128,32,256,64,1,1,1,1,"['--iree-hal-target-device=hip', '--iree-hip-target=gfx942', '--compile-from=executable-sources']",55,True,"['--input=1', '--benchmark_repetitions=3']",True,hip://2,True,357.5,1020.0,269.67,2.85315,58,631,573,204,302.06,,tuning_2025_09_29_16_28/candidates/specs/55_spec.mlir
compute_gemm_4096_4096_8192_f8E4M3FNUZ_f32_tB,56,contraction,sharkmi300x-4,gfx942,4096,4096,8192,64,16,32,8,8,0,0,0,"[0, 1]",LLVMGPUVectorDistribute,"PipelineOptionsSearchSpace(prefetch_shared_memory=[True], no_reduce_shared_memory_bank_conflicts=[None], use_igemm_convolution=[None])",[2],,#iree_gpu.mma_layout<MFMA_F32_16x16x32_F8E4M3FNUZ>,32,256,32,64,1,1,1,1,"['--iree-hal-target-device=hip', '--iree-hip-target=gfx942', '--compile-from=executable-sources']",56,True,"['--input=1', '--benchmark_repetitions=3']",True,hip://6,True,357.33,928.0,269.67,2.59701,33,591,558,204,302.06,,tuning_2025_09_29_16_28/candidates/specs/56_spec.mlir
compute_gemm_4096_4096_8192_f8E4M3FNUZ_f32_tB,57,contraction,sharkmi300x-4,gfx942,4096,4096,8192,64,16,32,8,8,0,0,0,"[0, 1]",LLVMGPUVectorDistribute,"PipelineOptionsSearchSpace(prefetch_shared_memory=[True], no_reduce_shared_memory_bank_conflicts=[None], use_igemm_convolution=[None])",[2],,#iree_gpu.mma_layout<MFMA_F32_16x16x32_F8E4M3FNUZ>,64,64,128,64,2,1,2,1,"['--iree-hal-target-device=hip', '--iree-hip-target=gfx942', '--compile-from=executable-sources']",57,True,"['--input=1', '--benchmark_repetitions=3']",True,hip://5,True,360.33,371.33,269.67,1.03053,15,111,96,204,302.06,,tuning_2025_09_29_16_28/candidates/specs/57_spec.mlir
compute_gemm_4096_4096_8192_f8E4M3FNUZ_f32_tB,58,contraction,sharkmi300x-4,gfx942,4096,4096,8192,64,16,32,8,8,0,0,0,"[0, 1]",LLVMGPUVectorDistribute,"PipelineOptionsSearchSpace(prefetch_shared_memory=[True], no_reduce_shared_memory_bank_conflicts=[None], use_igemm_convolution=[None])",[2],,#iree_gpu.mma_layout<MFMA_F32_16x16x32_F8E4M3FNUZ>,128,512,32,64,1,1,1,1,"['--iree-hal-target-device=hip', '--iree-hip-target=gfx942', '--compile-from=executable-sources']",58,True,"['--input=1', '--benchmark_repetitions=3']",True,hip://2,True,357.5,14366.67,269.67,40.18648,572,920,348,204,302.06,,tuning_2025_09_29_16_28/candidates/specs/58_spec.mlir
compute_gemm_4096_4096_8192_f8E4M3FNUZ_f32_tB,59,contraction,sharkmi300x-4,gfx942,4096,4096,8192,64,16,32,8,8,0,0,0,"[0, 1]",LLVMGPUVectorDistribute,"PipelineOptionsSearchSpace(prefetch_shared_memory=[True], no_reduce_shared_memory_bank_conflicts=[None], use_igemm_convolution=[None])",[2],,#iree_gpu.mma_layout<MFMA_F32_16x16x32_F8E4M3FNUZ>,128,16,128,64,2,1,2,1,"['--iree-hal-target-device=hip', '--iree-hip-target=gfx942', '--compile-from=executable-sources']",59,True,"['--input=1', '--benchmark_repetitions=3']",True,hip://5,True,360.33,701.67,269.67,1.94727,11,484,473,204,302.06,,tuning_2025_09_29_16_28/candidates/specs/59_spec.mlir
compute_gemm_4096_4096_8192_f8E4M3FNUZ_f32_tB,60,contraction,sharkmi300x-4,gfx942,4096,4096,8192,64,16,32,8,8,0,0,0,"[0, 1]",LLVMGPUVectorDistribute,"PipelineOptionsSearchSpace(prefetch_shared_memory=[True], no_reduce_shared_memory_bank_conflicts=[None], use_igemm_convolution=[None])",[2],,#iree_gpu.mma_layout<MFMA_F32_16x16x32_F8E4M3FNUZ>,256,512,32,128,2,1,2,2,"['--iree-hal-target-device=hip', '--iree-hip-target=gfx942', '--compile-from=executable-sources']",60,True,"['--input=1', '--benchmark_repetitions=3']",True,hip://2,True,357.5,8406.67,269.67,23.51515,134,867,733,204,302.06,,tuning_2025_09_29_16_28/candidates/specs/60_spec.mlir
compute_gemm_4096_4096_8192_f8E4M3FNUZ_f32_tB,61,contraction,sharkmi300x-4,gfx942,4096,4096,8192,64,32,16,8,8,0,0,0,"[0, 1]",LLVMGPUVectorDistribute,"PipelineOptionsSearchSpace(prefetch_shared_memory=[True], no_reduce_shared_memory_bank_conflicts=[None], use_igemm_convolution=[None])",[2],,#iree_gpu.mma_layout<MFMA_F32_32x32x16_F8E4M3FNUZ>,32,128,64,128,1,1,1,2,"['--iree-hal-target-device=hip', '--iree-hip-target=gfx942', '--compile-from=executable-sources']",61,True,"['--input=1', '--benchmark_repetitions=3']",True,hip://7,True,352.5,541.67,269.67,1.53664,10,368,358,204,302.06,,tuning_2025_09_29_16_28/candidates/specs/61_spec.mlir
compute_gemm_4096_4096_8192_f8E4M3FNUZ_f32_tB,62,contraction,sharkmi300x-4,gfx942,4096,4096,8192,64,16,32,8,8,0,0,0,"[0, 1]",LLVMGPUVectorDistribute,"PipelineOptionsSearchSpace(prefetch_shared_memory=[True], no_reduce_shared_memory_bank_conflicts=[None], use_igemm_convolution=[None])",[2],,#iree_gpu.mma_layout<MFMA_F32_16x16x32_F8E4M3FNUZ>,256,64,128,256,1,1,1,4,"['--iree-hal-target-device=hip', '--iree-hip-target=gfx942', '--compile-from=executable-sources']",62,True,"['--input=1', '--benchmark_repetitions=3']",True,hip://6,True,357.33,518.33,269.67,1.45056,37,313,276,204,302.06,,tuning_2025_09_29_16_28/candidates/specs/62_spec.mlir
compute_gemm_4096_4096_8192_f8E4M3FNUZ_f32_tB,63,contraction,sharkmi300x-4,gfx942,4096,4096,8192,64,16,32,8,8,0,0,0,"[0, 1]",LLVMGPUVectorDistribute,"PipelineOptionsSearchSpace(prefetch_shared_memory=[True], no_reduce_shared_memory_bank_conflicts=[None], use_igemm_convolution=[None])",[2],,#iree_gpu.mma_layout<MFMA_F32_16x16x32_F8E4M3FNUZ>,512,64,64,128,1,1,1,2,"['--iree-hal-target-device=hip', '--iree-hip-target=gfx942', '--compile-from=executable-sources']",63,True,"['--input=1', '--benchmark_repetitions=3']",True,hip://5,True,360.33,1446.67,269.67,4.0148,92,694,602,204,302.06,,tuning_2025_09_29_16_28/candidates/specs/63_spec.mlir
compute_gemm_4096_4096_8192_f8E4M3FNUZ_f32_tB,64,contraction,sharkmi300x-4,gfx942,4096,4096,8192,64,32,16,8,8,0,0,0,"[0, 1]",LLVMGPUVectorDistribute,"PipelineOptionsSearchSpace(prefetch_shared_memory=[True], no_reduce_shared_memory_bank_conflicts=[None], use_igemm_convolution=[None])",[2],,#iree_gpu.mma_layout<MFMA_F32_32x32x16_F8E4M3FNUZ>,256,64,128,64,1,1,1,1,"['--iree-hal-target-device=hip', '--iree-hip-target=gfx942', '--compile-from=executable-sources']",64,True,"['--input=1', '--benchmark_repetitions=3']",True,hip://6,True,357.33,905.67,269.67,2.53451,125,587,462,204,302.06,,tuning_2025_09_29_16_28/candidates/specs/64_spec.mlir
compute_gemm_4096_4096_8192_f8E4M3FNUZ_f32_tB,65,contraction,sharkmi300x-4,gfx942,4096,4096,8192,64,16,32,8,8,0,0,0,"[0, 1]",LLVMGPUVectorDistribute,"PipelineOptionsSearchSpace(prefetch_shared_memory=[True], no_reduce_shared_memory_bank_conflicts=[None], use_igemm_convolution=[None])",[2],,#iree_gpu.mma_layout<MFMA_F32_16x16x32_F8E4M3FNUZ>,256,128,128,64,1,1,1,1,"['--iree-hal-target-device=hip', '--iree-hip-target=gfx942', '--compile-from=executable-sources']",65,True,"['--input=1', '--benchmark_repetitions=3']",True,hip://6,True,357.33,5710.0,269.67,15.97948,212,821,609,204,302.06,,tuning_2025_09_29_16_28/candidates/specs/65_spec.mlir
compute_gemm_4096_4096_8192_f8E4M3FNUZ_f32_tB,66,contraction,sharkmi300x-4,gfx942,4096,4096,8192,64,32,16,8,8,0,0,0,"[0, 1]",LLVMGPUVectorDistribute,"PipelineOptionsSearchSpace(prefetch_shared_memory=[True], no_reduce_shared_memory_bank_conflicts=[None], use_igemm_convolution=[None])",[2],,#iree_gpu.mma_layout<MFMA_F32_32x32x16_F8E4M3FNUZ>,128,128,64,128,4,1,4,2,"['--iree-hal-target-device=hip', '--iree-hip-target=gfx942', '--compile-from=executable-sources']",66,True,"['--input=1', '--benchmark_repetitions=3']",True,hip://5,True,360.33,350.67,269.67,0.97317,36,85,49,204,302.06,,tuning_2025_09_29_16_28/candidates/specs/66_spec.mlir
compute_gemm_4096_4096_8192_f8E4M3FNUZ_f32_tB,67,contraction,sharkmi300x-4,gfx942,4096,4096,8192,64,16,32,8,8,0,0,0,"[0, 1]",LLVMGPUVectorDistribute,"PipelineOptionsSearchSpace(prefetch_shared_memory=[True], no_reduce_shared_memory_bank_conflicts=[None], use_igemm_convolution=[None])",[2],,#iree_gpu.mma_layout<MFMA_F32_16x16x32_F8E4M3FNUZ>,256,256,32,64,1,1,1,1,"['--iree-hal-target-device=hip', '--iree-hip-target=gfx942', '--compile-from=executable-sources']",67,True,"['--input=1', '--benchmark_repetitions=3']",True,hip://7,True,352.5,13266.67,269.67,37.63593,577,913,336,204,302.06,,tuning_2025_09_29_16_28/candidates/specs/67_spec.mlir
compute_gemm_4096_4096_8192_f8E4M3FNUZ_f32_tB,68,contraction,sharkmi300x-4,gfx942,4096,4096,8192,64,16,32,8,8,0,0,0,"[0, 1]",LLVMGPUVectorDistribute,"PipelineOptionsSearchSpace(prefetch_shared_memory=[True], no_reduce_shared_memory_bank_conflicts=[None], use_igemm_convolution=[None])",[2],,#iree_gpu.mma_layout<MFMA_F32_16x16x32_F8E4M3FNUZ>,128,512,64,512,1,1,1,8,"['--iree-hal-target-device=hip', '--iree-hip-target=gfx942', '--compile-from=executable-sources']",68,True,"['--input=1', '--benchmark_repetitions=3']",True,hip://6,True,357.33,314.0,269.67,0.87873,61,29,32,204,302.06,,tuning_2025_09_29_16_28/candidates/specs/68_spec.mlir
compute_gemm_4096_4096_8192_f8E4M3FNUZ_f32_tB,69,contraction,sharkmi300x-4,gfx942,4096,4096,8192,64,16,32,8,8,0,0,0,"[0, 1]",LLVMGPUVectorDistribute,"PipelineOptionsSearchSpace(prefetch_shared_memory=[True], no_reduce_shared_memory_bank_conflicts=[None], use_igemm_convolution=[None])",[2],,#iree_gpu.mma_layout<MFMA_F32_16x16x32_F8E4M3FNUZ>,64,128,64,128,2,1,2,2,"['--iree-hal-target-device=hip', '--iree-hip-target=gfx942', '--compile-from=executable-sources']",69,True,"['--input=1', '--benchmark_repetitions=3']",True,hip://5,True,360.33,375.33,269.67,1.04163,39,117,78,204,302.06,,tuning_2025_09_29_16_28/candidates/specs/69_spec.mlir
compute_gemm_4096_4096_8192_f8E4M3FNUZ_f32_tB,70,contraction,sharkmi300x-4,gfx942,4096,4096,8192,64,16,32,8,8,0,0,0,"[0, 1]",LLVMGPUVectorDistribute,"PipelineOptionsSearchSpace(prefetch_shared_memory=[True], no_reduce_shared_memory_bank_conflicts=[None], use_igemm_convolution=[None])",[2],,#iree_gpu.mma_layout<MFMA_F32_16x16x32_F8E4M3FNUZ>,64,512,32,256,2,1,2,4,"['--iree-hal-target-device=hip', '--iree-hip-target=gfx942', '--compile-from=executable-sources']",70,True,"['--input=1', '--benchmark_repetitions=3']",True,hip://5,True,360.33,498.0,269.67,1.38205,48,282,234,204,302.06,,tuning_2025_09_29_16_28/candidates/specs/70_spec.mlir
compute_gemm_4096_4096_8192_f8E4M3FNUZ_f32_tB,71,contraction,sharkmi300x-4,gfx942,4096,4096,8192,64,16,32,8,8,0,0,0,"[0, 1]",LLVMGPUVectorDistribute,"PipelineOptionsSearchSpace(prefetch_shared_memory=[True], no_reduce_shared_memory_bank_conflicts=[None], use_igemm_convolution=[None])",[2],,#iree_gpu.mma_layout<MFMA_F32_16x16x32_F8E4M3FNUZ>,256,128,64,64,4,1,4,1,"['--iree-hal-target-device=hip', '--iree-hip-target=gfx942', '--compile-from=executable-sources']",71,True,"['--input=1', '--benchmark_repetitions=3']",True,hip://6,True,357.33,321.67,269.67,0.90019,69,44,25,204,302.06,,tuning_2025_09_29_16_28/candidates/specs/71_spec.mlir
compute_gemm_4096_4096_8192_f8E4M3FNUZ_f32_tB,72,contraction,sharkmi300x-4,gfx942,4096,4096,8192,64,32,16,8,8,0,0,0,"[0, 1]",LLVMGPUVectorDistribute,"PipelineOptionsSearchSpace(prefetch_shared_memory=[True], no_reduce_shared_memory_bank_conflicts=[None], use_igemm_convolution=[None])",[2],,#iree_gpu.mma_layout<MFMA_F32_32x32x16_F8E4M3FNUZ>,256,256,64,64,2,1,2,1,"['--iree-hal-target-device=hip', '--iree-hip-target=gfx942', '--compile-from=executable-sources']",72,True,"['--input=1', '--benchmark_repetitions=3']",True,hip://7,True,352.5,8663.33,269.67,24.57683,187,873,686,204,302.06,,tuning_2025_09_29_16_28/candidates/specs/72_spec.mlir
compute_gemm_4096_4096_8192_f8E4M3FNUZ_f32_tB,73,contraction,sharkmi300x-4,gfx942,4096,4096,8192,64,16,32,8,8,0,0,0,"[0, 1]",LLVMGPUVectorDistribute,"PipelineOptionsSearchSpace(prefetch_shared_memory=[True], no_reduce_shared_memory_bank_conflicts=[None], use_igemm_convolution=[None])",[2],,#iree_gpu.mma_layout<MFMA_F32_16x16x32_F8E4M3FNUZ>,64,256,64,256,2,1,2,4,"['--iree-hal-target-device=hip', '--iree-hip-target=gfx942', '--compile-from=executable-sources']",73,True,"['--input=1', '--benchmark_repetitions=3']",True,hip://2,True,357.5,362.33,269.67,1.01352,46,103,57,204,302.06,,tuning_2025_09_29_16_28/candidates/specs/73_spec.mlir
compute_gemm_4096_4096_8192_f8E4M3FNUZ_f32_tB,74,contraction,sharkmi300x-4,gfx942,4096,4096,8192,64,16,32,8,8,0,0,0,"[0, 1]",LLVMGPUVectorDistribute,"PipelineOptionsSearchSpace(prefetch_shared_memory=[True], no_reduce_shared_memory_bank_conflicts=[None], use_igemm_convolution=[None])",[2],,#iree_gpu.mma_layout<MFMA_F32_16x16x32_F8E4M3FNUZ>,16,512,64,256,1,1,1,4,"['--iree-hal-target-device=hip', '--iree-hip-target=gfx942', '--compile-from=executable-sources']",74,True,"['--input=1', '--benchmark_repetitions=3']",True,hip://2,True,357.5,998.0,269.67,2.79161,50,622,572,204,302.06,,tuning_2025_09_29_16_28/candidates/specs/74_spec.mlir
compute_gemm_4096_4096_8192_f8E4M3FNUZ_f32_tB,75,contraction,sharkmi300x-4,gfx942,4096,4096,8192,64,32,16,8,8,0,0,0,"[0, 1]",LLVMGPUVectorDistribute,"PipelineOptionsSearchSpace(prefetch_shared_memory=[True], no_reduce_shared_memory_bank_conflicts=[None], use_igemm_convolution=[None])",[2],,#iree_gpu.mma_layout<MFMA_F32_32x32x16_F8E4M3FNUZ>,256,256,32,256,1,1,1,4,"['--iree-hal-target-device=hip', '--iree-hip-target=gfx942', '--compile-from=executable-sources']",75,True,"['--input=1', '--benchmark_repetitions=3']",True,hip://6,True,357.33,1486.67,269.67,4.16045,91,699,608,204,302.06,,tuning_2025_09_29_16_28/candidates/specs/75_spec.mlir
compute_gemm_4096_4096_8192_f8E4M3FNUZ_f32_tB,76,contraction,sharkmi300x-4,gfx942,4096,4096,8192,64,16,32,8,8,0,0,0,"[0, 1]",LLVMGPUVectorDistribute,"PipelineOptionsSearchSpace(prefetch_shared_memory=[True], no_reduce_shared_memory_bank_conflicts=[None], use_igemm_convolution=[None])",[2],,#iree_gpu.mma_layout<MFMA_F32_16x16x32_F8E4M3FNUZ>,128,256,64,256,2,1,2,4,"['--iree-hal-target-device=hip', '--iree-hip-target=gfx942', '--compile-from=executable-sources']",76,True,"['--input=1', '--benchmark_repetitions=3']",True,hip://6,True,357.33,279.67,269.67,0.78265,53,4,49,204,302.06,411.7,tuning_2025_09_29_16_28/candidates/specs/76_spec.mlir
compute_gemm_4096_4096_8192_f8E4M3FNUZ_f32_tB,77,contraction,sharkmi300x-4,gfx942,4096,4096,8192,64,16,32,8,8,0,0,0,"[0, 1]",LLVMGPUVectorDistribute,"PipelineOptionsSearchSpace(prefetch_shared_memory=[True], no_reduce_shared_memory_bank_conflicts=[None], use_igemm_convolution=[None])",[2],,#iree_gpu.mma_layout<MFMA_F32_16x16x32_F8E4M3FNUZ>,512,32,64,64,8,1,8,1,"['--iree-hal-target-device=hip', '--iree-hip-target=gfx942', '--compile-from=executable-sources']",77,True,"['--input=1', '--benchmark_repetitions=3']",True,hip://6,True,357.33,755.0,269.67,2.11287,49,521,472,204,302.06,,tuning_2025_09_29_16_28/candidates/specs/77_spec.mlir
compute_gemm_4096_4096_8192_f8E4M3FNUZ_f32_tB,78,contraction,sharkmi300x-4,gfx942,4096,4096,8192,64,16,32,8,8,0,0,0,"[0, 1]",LLVMGPUVectorDistribute,"PipelineOptionsSearchSpace(prefetch_shared_memory=[True], no_reduce_shared_memory_bank_conflicts=[None], use_igemm_convolution=[None])",[2],,#iree_gpu.mma_layout<MFMA_F32_16x16x32_F8E4M3FNUZ>,128,64,32,128,4,1,4,2,"['--iree-hal-target-device=hip', '--iree-hip-target=gfx942', '--compile-from=executable-sources']",78,True,"['--input=1', '--benchmark_repetitions=3']",True,hip://7,True,352.5,645.0,269.67,1.82979,44,456,412,204,302.06,,tuning_2025_09_29_16_28/candidates/specs/78_spec.mlir
compute_gemm_4096_4096_8192_f8E4M3FNUZ_f32_tB,79,contraction,sharkmi300x-4,gfx942,4096,4096,8192,64,16,32,8,8,0,0,0,"[0, 1]",LLVMGPUVectorDistribute,"PipelineOptionsSearchSpace(prefetch_shared_memory=[True], no_reduce_shared_memory_bank_conflicts=[None], use_igemm_convolution=[None])",[2],,#iree_gpu.mma_layout<MFMA_F32_16x16x32_F8E4M3FNUZ>,64,16,64,64,2,1,2,1,"['--iree-hal-target-device=hip', '--iree-hip-target=gfx942', '--compile-from=executable-sources']",79,True,"['--input=1', '--benchmark_repetitions=3']",True,hip://6,True,357.33,1020.0,269.67,2.85448,41,632,591,204,302.06,,tuning_2025_09_29_16_28/candidates/specs/79_spec.mlir
compute_gemm_4096_4096_8192_f8E4M3FNUZ_f32_tB,80,contraction,sharkmi300x-4,gfx942,4096,4096,8192,64,16,32,8,8,0,0,0,"[0, 1]",LLVMGPUVectorDistribute,"PipelineOptionsSearchSpace(prefetch_shared_memory=[True], no_reduce_shared_memory_bank_conflicts=[None], use_igemm_convolution=[None])",[2],,#iree_gpu.mma_layout<MFMA_F32_16x16x32_F8E4M3FNUZ>,16,64,256,64,1,1,1,1,"['--iree-hal-target-device=hip', '--iree-hip-target=gfx942', '--compile-from=executable-sources']",80,True,"['--input=1', '--benchmark_repetitions=3']",True,hip://7,True,352.5,718.0,269.67,2.03688,55,506,451,204,302.06,,tuning_2025_09_29_16_28/candidates/specs/80_spec.mlir
compute_gemm_4096_4096_8192_f8E4M3FNUZ_f32_tB,81,contraction,sharkmi300x-4,gfx942,4096,4096,8192,64,16,32,8,8,0,0,0,"[0, 1]",LLVMGPUVectorDistribute,"PipelineOptionsSearchSpace(prefetch_shared_memory=[True], no_reduce_shared_memory_bank_conflicts=[None], use_igemm_convolution=[None])",[2],,#iree_gpu.mma_layout<MFMA_F32_16x16x32_F8E4M3FNUZ>,64,32,512,64,4,1,4,1,"['--iree-hal-target-device=hip', '--iree-hip-target=gfx942', '--compile-from=executable-sources']",81,True,"['--input=1', '--benchmark_repetitions=3']",True,hip://2,True,357.5,617.33,269.67,1.72681,54,413,359,204,302.06,,tuning_2025_09_29_16_28/candidates/specs/81_spec.mlir
compute_gemm_4096_4096_8192_f8E4M3FNUZ_f32_tB,82,contraction,sharkmi300x-4,gfx942,4096,4096,8192,64,16,32,8,8,0,0,0,"[0, 1]",LLVMGPUVectorDistribute,"PipelineOptionsSearchSpace(prefetch_shared_memory=[True], no_reduce_shared_memory_bank_conflicts=[None], use_igemm_convolution=[None])",[2],,#iree_gpu.mma_layout<MFMA_F32_16x16x32_F8E4M3FNUZ>,128,16,128,64,8,1,8,1,"['--iree-hal-target-device=hip', '--iree-hip-target=gfx942', '--compile-from=executable-sources']",82,True,"['--input=1', '--benchmark_repetitions=3']",True,hip://5,True,360.33,748.67,269.67,2.07771,43,517,474,204,302.06,,tuning_2025_09_29_16_28/candidates/specs/82_spec.mlir
compute_gemm_4096_4096_8192_f8E4M3FNUZ_f32_tB,83,contraction,sharkmi300x-4,gfx942,4096,4096,8192,64,16,32,8,8,0,0,0,"[0, 1]",LLVMGPUVectorDistribute,"PipelineOptionsSearchSpace(prefetch_shared_memory=[True], no_reduce_shared_memory_bank_conflicts=[None], use_igemm_convolution=[None])",[2],,#iree_gpu.mma_layout<MFMA_F32_16x16x32_F8E4M3FNUZ>,256,256,32,128,4,1,4,2,"['--iree-hal-target-device=hip', '--iree-hip-target=gfx942', '--compile-from=executable-sources']",83,True,"['--input=1', '--benchmark_repetitions=3']",True,hip://2,True,357.5,328.67,269.67,0.91935,66,55,11,204,302.06,,tuning_2025_09_29_16_28/candidates/specs/83_spec.mlir
compute_gemm_4096_4096_8192_f8E4M3FNUZ_f32_tB,84,contraction,sharkmi300x-4,gfx942,4096,4096,8192,64,32,16,8,8,0,0,0,"[0, 1]",LLVMGPUVectorDistribute,"PipelineOptionsSearchSpace(prefetch_shared_memory=[True], no_reduce_shared_memory_bank_conflicts=[None], use_igemm_convolution=[None])",[2],,#iree_gpu.mma_layout<MFMA_F32_32x32x16_F8E4M3FNUZ>,128,512,32,256,1,1,1,4,"['--iree-hal-target-device=hip', '--iree-hip-target=gfx942', '--compile-from=executable-sources']",84,True,"['--input=1', '--benchmark_repetitions=3']",True,hip://6,True,357.33,1806.67,269.67,5.05597,95,743,648,204,302.06,,tuning_2025_09_29_16_28/candidates/specs/84_spec.mlir
compute_gemm_4096_4096_8192_f8E4M3FNUZ_f32_tB,85,contraction,sharkmi300x-4,gfx942,4096,4096,8192,64,16,32,8,8,0,0,0,"[0, 1]",LLVMGPUVectorDistribute,"PipelineOptionsSearchSpace(prefetch_shared_memory=[True], no_reduce_shared_memory_bank_conflicts=[None], use_igemm_convolution=[None])",[2],,#iree_gpu.mma_layout<MFMA_F32_16x16x32_F8E4M3FNUZ>,64,256,64,64,4,1,4,1,"['--iree-hal-target-device=hip', '--iree-hip-target=gfx942', '--compile-from=executable-sources']",85,True,"['--input=1', '--benchmark_repetitions=3']",True,hip://5,True,360.33,397.0,269.67,1.10176,60,146,86,204,302.06,,tuning_2025_09_29_16_28/candidates/specs/85_spec.mlir
compute_gemm_4096_4096_8192_f8E4M3FNUZ_f32_tB,86,contraction,sharkmi300x-4,gfx942,4096,4096,8192,64,16,32,8,8,0,0,0,"[0, 1]",LLVMGPUVectorDistribute,"PipelineOptionsSearchSpace(prefetch_shared_memory=[True], no_reduce_shared_memory_bank_conflicts=[None], use_igemm_convolution=[None])",[2],,#iree_gpu.mma_layout<MFMA_F32_16x16x32_F8E4M3FNUZ>,64,32,64,64,1,1,1,1,"['--iree-hal-target-device=hip', '--iree-hip-target=gfx942', '--compile-from=executable-sources']",86,True,"['--input=1', '--benchmark_repetitions=3']",True,hip://5,True,360.33,730.0,269.67,2.0259,52,502,450,204,302.06,,tuning_2025_09_29_16_28/candidates/specs/86_spec.mlir
compute_gemm_4096_4096_8192_f8E4M3FNUZ_f32_tB,87,contraction,sharkmi300x-4,gfx942,4096,4096,8192,64,32,16,8,8,0,0,0,"[0, 1]",LLVMGPUVectorDistribute,"PipelineOptionsSearchSpace(prefetch_shared_memory=[True], no_reduce_shared_memory_bank_conflicts=[None], use_igemm_convolution=[None])",[2],,#iree_gpu.mma_layout<MFMA_F32_32x32x16_F8E4M3FNUZ>,512,64,32,64,2,1,2,1,"['--iree-hal-target-device=hip', '--iree-hip-target=gfx942', '--compile-from=executable-sources']",87,True,"['--input=1', '--benchmark_repetitions=3']",True,hip://6,True,357.33,985.67,269.67,2.7584,105,618,513,204,302.06,,tuning_2025_09_29_16_28/candidates/specs/87_spec.mlir
compute_gemm_4096_4096_8192_f8E4M3FNUZ_f32_tB,88,contraction,sharkmi300x-4,gfx942,4096,4096,8192,64,16,32,8,8,0,0,0,"[0, 1]",LLVMGPUVectorDistribute,"PipelineOptionsSearchSpace(prefetch_shared_memory=[True], no_reduce_shared_memory_bank_conflicts=[None], use_igemm_convolution=[None])",[2],,#iree_gpu.mma_layout<MFMA_F32_16x16x32_F8E4M3FNUZ>,16,256,64,128,1,1,1,2,"['--iree-hal-target-device=hip', '--iree-hip-target=gfx942', '--compile-from=executable-sources']",88,True,"['--input=1', '--benchmark_repetitions=3']",True,hip://5,True,360.33,820.0,269.67,2.27567,56,539,483,204,302.06,,tuning_2025_09_29_16_28/candidates/specs/88_spec.mlir
compute_gemm_4096_4096_8192_f8E4M3FNUZ_f32_tB,89,contraction,sharkmi300x-4,gfx942,4096,4096,8192,64,32,16,8,8,0,0,0,"[0, 1]",LLVMGPUVectorDistribute,"PipelineOptionsSearchSpace(prefetch_shared_memory=[True], no_reduce_shared_memory_bank_conflicts=[None], use_igemm_convolution=[None])",[2],,#iree_gpu.mma_layout<MFMA_F32_32x32x16_F8E4M3FNUZ>,512,512,64,512,1,1,1,8,"['--iree-hal-target-device=hip', '--iree-hip-target=gfx942', '--compile-from=executable-sources']",89,True,"['--input=1', '--benchmark_repetitions=3']",True,hip://2,True,357.5,13600.0,269.67,38.04196,170,914,744,204,302.06,,tuning_2025_09_29_16_28/candidates/specs/89_spec.mlir
compute_gemm_4096_4096_8192_f8E4M3FNUZ_f32_tB,90,contraction,sharkmi300x-4,gfx942,4096,4096,8192,64,16,32,8,8,0,0,0,"[0, 1]",LLVMGPUVectorDistribute,"PipelineOptionsSearchSpace(prefetch_shared_memory=[True], no_reduce_shared_memory_bank_conflicts=[None], use_igemm_convolution=[None])",[2],,#iree_gpu.mma_layout<MFMA_F32_16x16x32_F8E4M3FNUZ>,256,128,128,128,4,1,4,2,"['--iree-hal-target-device=hip', '--iree-hip-target=gfx942', '--compile-from=executable-sources']",90,True,"['--input=1', '--benchmark_repetitions=3']",True,hip://6,True,357.33,296.0,269.67,0.82836,65,11,54,204,302.06,,tuning_2025_09_29_16_28/candidates/specs/90_spec.mlir
compute_gemm_4096_4096_8192_f8E4M3FNUZ_f32_tB,91,contraction,sharkmi300x-4,gfx942,4096,4096,8192,64,16,32,8,8,0,0,0,"[0, 1]",LLVMGPUVectorDistribute,"PipelineOptionsSearchSpace(prefetch_shared_memory=[True], no_reduce_shared_memory_bank_conflicts=[None], use_igemm_convolution=[None])",[2],,#iree_gpu.mma_layout<MFMA_F32_16x16x32_F8E4M3FNUZ>,64,64,512,64,1,1,1,1,"['--iree-hal-target-device=hip', '--iree-hip-target=gfx942', '--compile-from=executable-sources']",91,True,"['--input=1', '--benchmark_repetitions=3']",True,hip://2,True,357.5,1930.0,269.67,5.3986,110,760,650,204,302.06,,tuning_2025_09_29_16_28/candidates/specs/91_spec.mlir
compute_gemm_4096_4096_8192_f8E4M3FNUZ_f32_tB,92,contraction,sharkmi300x-4,gfx942,4096,4096,8192,64,32,16,8,8,0,0,0,"[0, 1]",LLVMGPUVectorDistribute,"PipelineOptionsSearchSpace(prefetch_shared_memory=[True], no_reduce_shared_memory_bank_conflicts=[None], use_igemm_convolution=[None])",[2],,#iree_gpu.mma_layout<MFMA_F32_32x32x16_F8E4M3FNUZ>,128,512,64,512,1,1,1,8,"['--iree-hal-target-device=hip', '--iree-hip-target=gfx942', '--compile-from=executable-sources']",92,True,"['--input=1', '--benchmark_repetitions=3']",True,hip://5,True,360.33,327.0,269.67,0.90749,76,48,28,204,302.06,,tuning_2025_09_29_16_28/candidates/specs/92_spec.mlir
compute_gemm_4096_4096_8192_f8E4M3FNUZ_f32_tB,93,contraction,sharkmi300x-4,gfx942,4096,4096,8192,64,16,32,8,8,0,0,0,"[0, 1]",LLVMGPUVectorDistribute,"PipelineOptionsSearchSpace(prefetch_shared_memory=[True], no_reduce_shared_memory_bank_conflicts=[None], use_igemm_convolution=[None])",[2],,#iree_gpu.mma_layout<MFMA_F32_16x16x32_F8E4M3FNUZ>,32,128,32,64,2,1,2,1,"['--iree-hal-target-device=hip', '--iree-hip-target=gfx942', '--compile-from=executable-sources']",93,True,"['--input=1', '--benchmark_repetitions=3']",True,hip://7,True,352.5,994.33,269.67,2.8208,59,625,566,204,302.06,,tuning_2025_09_29_16_28/candidates/specs/93_spec.mlir
compute_gemm_4096_4096_8192_f8E4M3FNUZ_f32_tB,94,contraction,sharkmi300x-4,gfx942,4096,4096,8192,64,16,32,8,8,0,0,0,"[0, 1]",LLVMGPUVectorDistribute,"PipelineOptionsSearchSpace(prefetch_shared_memory=[True], no_reduce_shared_memory_bank_conflicts=[None], use_igemm_convolution=[None])",[2],,#iree_gpu.mma_layout<MFMA_F32_16x16x32_F8E4M3FNUZ>,256,64,32,64,1,1,1,1,"['--iree-hal-target-device=hip', '--iree-hip-target=gfx942', '--compile-from=executable-sources']",94,True,"['--input=1', '--benchmark_repetitions=3']",True,hip://5,True,360.33,3223.33,269.67,8.94542,108,801,693,204,302.06,,tuning_2025_09_29_16_28/candidates/specs/94_spec.mlir
compute_gemm_4096_4096_8192_f8E4M3FNUZ_f32_tB,95,contraction,sharkmi300x-4,gfx942,4096,4096,8192,64,16,32,8,8,0,0,0,"[0, 1]",LLVMGPUVectorDistribute,"PipelineOptionsSearchSpace(prefetch_shared_memory=[True], no_reduce_shared_memory_bank_conflicts=[None], use_igemm_convolution=[None])",[2],,#iree_gpu.mma_layout<MFMA_F32_16x16x32_F8E4M3FNUZ>,128,256,128,128,1,1,1,2,"['--iree-hal-target-device=hip', '--iree-hip-target=gfx942', '--compile-from=executable-sources']",95,True,"['--input=1', '--benchmark_repetitions=3']",True,hip://7,True,352.5,1540.0,269.67,4.36879,151,718,567,204,302.06,,tuning_2025_09_29_16_28/candidates/specs/95_spec.mlir
compute_gemm_4096_4096_8192_f8E4M3FNUZ_f32_tB,96,contraction,sharkmi300x-4,gfx942,4096,4096,8192,64,32,16,8,8,0,0,0,"[0, 1]",LLVMGPUVectorDistribute,"PipelineOptionsSearchSpace(prefetch_shared_memory=[True], no_reduce_shared_memory_bank_conflicts=[None], use_igemm_convolution=[None])",[2],,#iree_gpu.mma_layout<MFMA_F32_32x32x16_F8E4M3FNUZ>,512,512,32,256,2,1,2,4,"['--iree-hal-target-device=hip', '--iree-hip-target=gfx942', '--compile-from=executable-sources']",96,True,"['--input=1', '--benchmark_repetitions=3']",True,hip://6,True,357.33,11300.0,269.67,31.62313,162,897,735,204,302.06,,tuning_2025_09_29_16_28/candidates/specs/96_spec.mlir
compute_gemm_4096_4096_8192_f8E4M3FNUZ_f32_tB,97,contraction,sharkmi300x-4,gfx942,4096,4096,8192,64,16,32,8,8,0,0,0,"[0, 1]",LLVMGPUVectorDistribute,"PipelineOptionsSearchSpace(prefetch_shared_memory=[True], no_reduce_shared_memory_bank_conflicts=[None], use_igemm_convolution=[None])",[2],,#iree_gpu.mma_layout<MFMA_F32_16x16x32_F8E4M3FNUZ>,16,64,512,64,1,1,1,1,"['--iree-hal-target-device=hip', '--iree-hip-target=gfx942', '--compile-from=executable-sources']",97,True,"['--input=1', '--benchmark_repetitions=3']",True,hip://7,True,352.5,1470.0,269.67,4.17021,83,701,618,204,302.06,,tuning_2025_09_29_16_28/candidates/specs/97_spec.mlir
compute_gemm_4096_4096_8192_f8E4M3FNUZ_f32_tB,98,contraction,sharkmi300x-4,gfx942,4096,4096,8192,64,32,16,8,8,0,0,0,"[0, 1]",LLVMGPUVectorDistribute,"PipelineOptionsSearchSpace(prefetch_shared_memory=[True], no_reduce_shared_memory_bank_conflicts=[None], use_igemm_convolution=[None])",[2],,#iree_gpu.mma_layout<MFMA_F32_32x32x16_F8E4M3FNUZ>,256,128,32,128,4,1,4,2,"['--iree-hal-target-device=hip', '--iree-hip-target=gfx942', '--compile-from=executable-sources']",98,True,"['--input=1', '--benchmark_repetitions=3']",True,hip://5,True,360.33,455.0,269.67,1.26272,68,222,154,204,302.06,,tuning_2025_09_29_16_28/candidates/specs/98_spec.mlir
compute_gemm_4096_4096_8192_f8E4M3FNUZ_f32_tB,99,contraction,sharkmi300x-4,gfx942,4096,4096,8192,64,16,32,8,8,0,0,0,"[0, 1]",LLVMGPUVectorDistribute,"PipelineOptionsSearchSpace(prefetch_shared_memory=[True], no_reduce_shared_memory_bank_conflicts=[None], use_igemm_convolution=[None])",[2],,#iree_gpu.mma_layout<MFMA_F32_16x16x32_F8E4M3FNUZ>,32,512,32,64,1,1,1,1,"['--iree-hal-target-device=hip', '--iree-hip-target=gfx942', '--compile-from=executable-sources']",99,True,"['--input=1', '--benchmark_repetitions=3']",True,hip://6,True,357.33,892.0,269.67,2.49627,113,583,470,204,302.06,,tuning_2025_09_29_16_28/candidates/specs/99_spec.mlir
compute_gemm_4096_4096_8192_f8E4M3FNUZ_f32_tB,100,contraction,sharkmi300x-4,gfx942,4096,4096,8192,64,16,32,8,8,0,0,0,"[0, 1]",LLVMGPUVectorDistribute,"PipelineOptionsSearchSpace(prefetch_shared_memory=[True], no_reduce_shared_memory_bank_conflicts=[None], use_igemm_convolution=[None])",[2],,#iree_gpu.mma_layout<MFMA_F32_16x16x32_F8E4M3FNUZ>,32,512,64,128,1,1,1,2,"['--iree-hal-target-device=hip', '--iree-hip-target=gfx942', '--compile-from=executable-sources']",100,True,"['--input=1', '--benchmark_repetitions=3']",True,hip://5,True,360.33,976.33,269.67,2.70953,88,608,520,204,302.06,,tuning_2025_09_29_16_28/candidates/specs/100_spec.mlir
compute_gemm_4096_4096_8192_f8E4M3FNUZ_f32_tB,101,contraction,sharkmi300x-4,gfx942,4096,4096,8192,64,16,32,8,8,0,0,0,"[0, 1]",LLVMGPUVectorDistribute,"PipelineOptionsSearchSpace(prefetch_shared_memory=[True], no_reduce_shared_memory_bank_conflicts=[None], use_igemm_convolution=[None])",[2],,#iree_gpu.mma_layout<MFMA_F32_16x16x32_F8E4M3FNUZ>,128,32,128,128,1,1,1,2,"['--iree-hal-target-device=hip', '--iree-hip-target=gfx942', '--compile-from=executable-sources']",101,True,"['--input=1', '--benchmark_repetitions=3']",True,hip://7,True,352.5,468.33,269.67,1.32861,74,251,177,204,302.06,,tuning_2025_09_29_16_28/candidates/specs/101_spec.mlir
compute_gemm_4096_4096_8192_f8E4M3FNUZ_f32_tB,102,contraction,sharkmi300x-4,gfx942,4096,4096,8192,64,16,32,8,8,0,0,0,"[0, 1]",LLVMGPUVectorDistribute,"PipelineOptionsSearchSpace(prefetch_shared_memory=[True], no_reduce_shared_memory_bank_conflicts=[None], use_igemm_convolution=[None])",[2],,#iree_gpu.mma_layout<MFMA_F32_16x16x32_F8E4M3FNUZ>,64,16,32,64,1,1,1,1,"['--iree-hal-target-device=hip', '--iree-hip-target=gfx942', '--compile-from=executable-sources']",102,True,"['--input=1', '--benchmark_repetitions=3']",True,hip://2,True,357.5,2000.0,269.67,5.59441,62,768,706,204,302.06,,tuning_2025_09_29_16_28/candidates/specs/102_spec.mlir
compute_gemm_4096_4096_8192_f8E4M3FNUZ_f32_tB,103,contraction,sharkmi300x-4,gfx942,4096,4096,8192,64,16,32,8,8,0,0,0,"[0, 1]",LLVMGPUVectorDistribute,"PipelineOptionsSearchSpace(prefetch_shared_memory=[True], no_reduce_shared_memory_bank_conflicts=[None], use_igemm_convolution=[None])",[2],,#iree_gpu.mma_layout<MFMA_F32_16x16x32_F8E4M3FNUZ>,128,512,32,128,4,1,4,2,"['--iree-hal-target-device=hip', '--iree-hip-target=gfx942', '--compile-from=executable-sources']",103,True,"['--input=1', '--benchmark_repetitions=3']",True,hip://2,True,357.5,488.0,269.67,1.36503,81,272,191,204,302.06,,tuning_2025_09_29_16_28/candidates/specs/103_spec.mlir
compute_gemm_4096_4096_8192_f8E4M3FNUZ_f32_tB,104,contraction,sharkmi300x-4,gfx942,4096,4096,8192,64,32,16,8,8,0,0,0,"[0, 1]",LLVMGPUVectorDistribute,"PipelineOptionsSearchSpace(prefetch_shared_memory=[True], no_reduce_shared_memory_bank_conflicts=[None], use_igemm_convolution=[None])",[2],,#iree_gpu.mma_layout<MFMA_F32_32x32x16_F8E4M3FNUZ>,128,256,32,64,4,1,4,1,"['--iree-hal-target-device=hip', '--iree-hip-target=gfx942', '--compile-from=executable-sources']",104,True,"['--input=1', '--benchmark_repetitions=3']",True,hip://7,True,352.5,395.33,269.67,1.12151,79,161,82,204,302.06,,tuning_2025_09_29_16_28/candidates/specs/104_spec.mlir
compute_gemm_4096_4096_8192_f8E4M3FNUZ_f32_tB,105,contraction,sharkmi300x-4,gfx942,4096,4096,8192,64,16,32,8,8,0,0,0,"[0, 1]",LLVMGPUVectorDistribute,"PipelineOptionsSearchSpace(prefetch_shared_memory=[True], no_reduce_shared_memory_bank_conflicts=[None], use_igemm_convolution=[None])",[2],,#iree_gpu.mma_layout<MFMA_F32_16x16x32_F8E4M3FNUZ>,128,128,128,64,1,1,1,1,"['--iree-hal-target-device=hip', '--iree-hip-target=gfx942', '--compile-from=executable-sources']",105,True,"['--input=1', '--benchmark_repetitions=3']",True,hip://6,True,357.33,3993.33,269.67,11.17537,150,813,663,204,302.06,,tuning_2025_09_29_16_28/candidates/specs/105_spec.mlir
compute_gemm_4096_4096_8192_f8E4M3FNUZ_f32_tB,106,contraction,sharkmi300x-4,gfx942,4096,4096,8192,64,32,16,8,8,0,0,0,"[0, 1]",LLVMGPUVectorDistribute,"PipelineOptionsSearchSpace(prefetch_shared_memory=[True], no_reduce_shared_memory_bank_conflicts=[None], use_igemm_convolution=[None])",[2],,#iree_gpu.mma_layout<MFMA_F32_32x32x16_F8E4M3FNUZ>,64,64,128,64,2,1,2,1,"['--iree-hal-target-device=hip', '--iree-hip-target=gfx942', '--compile-from=executable-sources']",106,True,"['--input=1', '--benchmark_repetitions=3']",True,hip://2,True,357.5,374.67,269.67,1.04802,73,122,49,204,302.06,,tuning_2025_09_29_16_28/candidates/specs/106_spec.mlir
compute_gemm_4096_4096_8192_f8E4M3FNUZ_f32_tB,107,contraction,sharkmi300x-4,gfx942,4096,4096,8192,64,16,32,8,8,0,0,0,"[0, 1]",LLVMGPUVectorDistribute,"PipelineOptionsSearchSpace(prefetch_shared_memory=[True], no_reduce_shared_memory_bank_conflicts=[None], use_igemm_convolution=[None])",[2],,#iree_gpu.mma_layout<MFMA_F32_16x16x32_F8E4M3FNUZ>,256,16,128,64,8,1,8,1,"['--iree-hal-target-device=hip', '--iree-hip-target=gfx942', '--compile-from=executable-sources']",107,True,"['--input=1', '--benchmark_repetitions=3']",True,hip://7,True,352.5,867.67,269.67,2.46147,63,576,513,204,302.06,,tuning_2025_09_29_16_28/candidates/specs/107_spec.mlir
compute_gemm_4096_4096_8192_f8E4M3FNUZ_f32_tB,108,contraction,sharkmi300x-4,gfx942,4096,4096,8192,64,16,32,8,8,0,0,0,"[0, 1]",LLVMGPUVectorDistribute,"PipelineOptionsSearchSpace(prefetch_shared_memory=[True], no_reduce_shared_memory_bank_conflicts=[None], use_igemm_convolution=[None])",[2],,#iree_gpu.mma_layout<MFMA_F32_16x16x32_F8E4M3FNUZ>,256,256,64,64,4,1,4,1,"['--iree-hal-target-device=hip', '--iree-hip-target=gfx942', '--compile-from=executable-sources']",108,True,"['--input=1', '--benchmark_repetitions=3']",True,hip://7,True,352.5,428.33,269.67,1.21513,131,206,75,204,302.06,,tuning_2025_09_29_16_28/candidates/specs/108_spec.mlir
compute_gemm_4096_4096_8192_f8E4M3FNUZ_f32_tB,109,contraction,sharkmi300x-4,gfx942,4096,4096,8192,64,16,32,8,8,0,0,0,"[0, 1]",LLVMGPUVectorDistribute,"PipelineOptionsSearchSpace(prefetch_shared_memory=[True], no_reduce_shared_memory_bank_conflicts=[None], use_igemm_convolution=[None])",[2],,#iree_gpu.mma_layout<MFMA_F32_16x16x32_F8E4M3FNUZ>,128,16,256,64,4,1,4,1,"['--iree-hal-target-device=hip', '--iree-hip-target=gfx942', '--compile-from=executable-sources']",109,True,"['--input=1', '--benchmark_repetitions=3']",True,hip://2,True,357.5,789.0,269.67,2.20699,71,534,463,204,302.06,,tuning_2025_09_29_16_28/candidates/specs/109_spec.mlir
compute_gemm_4096_4096_8192_f8E4M3FNUZ_f32_tB,110,contraction,sharkmi300x-4,gfx942,4096,4096,8192,64,32,16,8,8,0,0,0,"[0, 1]",LLVMGPUVectorDistribute,"PipelineOptionsSearchSpace(prefetch_shared_memory=[True], no_reduce_shared_memory_bank_conflicts=[None], use_igemm_convolution=[None])",[2],,#iree_gpu.mma_layout<MFMA_F32_32x32x16_F8E4M3FNUZ>,128,512,32,64,2,1,2,1,"['--iree-hal-target-device=hip', '--iree-hip-target=gfx942', '--compile-from=executable-sources']",110,True,"['--input=1', '--benchmark_repetitions=3']",True,hip://2,True,357.5,11500.0,269.67,32.16783,186,899,713,204,302.06,,tuning_2025_09_29_16_28/candidates/specs/110_spec.mlir
compute_gemm_4096_4096_8192_f8E4M3FNUZ_f32_tB,111,contraction,sharkmi300x-4,gfx942,4096,4096,8192,64,32,16,8,8,0,0,0,"[0, 1]",LLVMGPUVectorDistribute,"PipelineOptionsSearchSpace(prefetch_shared_memory=[True], no_reduce_shared_memory_bank_conflicts=[None], use_igemm_convolution=[None])",[2],,#iree_gpu.mma_layout<MFMA_F32_32x32x16_F8E4M3FNUZ>,256,128,128,64,8,1,8,1,"['--iree-hal-target-device=hip', '--iree-hip-target=gfx942', '--compile-from=executable-sources']",111,True,"['--input=1', '--benchmark_repetitions=3']",True,hip://6,True,357.33,336.0,269.67,0.9403,77,66,11,204,302.06,,tuning_2025_09_29_16_28/candidates/specs/111_spec.mlir
compute_gemm_4096_4096_8192_f8E4M3FNUZ_f32_tB,112,contraction,sharkmi300x-4,gfx942,4096,4096,8192,64,16,32,8,8,0,0,0,"[0, 1]",LLVMGPUVectorDistribute,"PipelineOptionsSearchSpace(prefetch_shared_memory=[True], no_reduce_shared_memory_bank_conflicts=[None], use_igemm_convolution=[None])",[2],,#iree_gpu.mma_layout<MFMA_F32_16x16x32_F8E4M3FNUZ>,128,512,64,128,4,1,4,2,"['--iree-hal-target-device=hip', '--iree-hip-target=gfx942', '--compile-from=executable-sources']",112,True,"['--input=1', '--benchmark_repetitions=3']",True,hip://7,True,352.5,342.33,269.67,0.97116,89,82,7,204,302.06,,tuning_2025_09_29_16_28/candidates/specs/112_spec.mlir
compute_gemm_4096_4096_8192_f8E4M3FNUZ_f32_tB,113,contraction,sharkmi300x-4,gfx942,4096,4096,8192,64,16,32,8,8,0,0,0,"[0, 1]",LLVMGPUVectorDistribute,"PipelineOptionsSearchSpace(prefetch_shared_memory=[True], no_reduce_shared_memory_bank_conflicts=[None], use_igemm_convolution=[None])",[2],,#iree_gpu.mma_layout<MFMA_F32_16x16x32_F8E4M3FNUZ>,128,32,32,128,4,1,4,2,"['--iree-hal-target-device=hip', '--iree-hip-target=gfx942', '--compile-from=executable-sources']",113,True,"['--input=1', '--benchmark_repetitions=3']",True,hip://7,True,352.5,1056.67,269.67,2.99764,67,656,589,204,302.06,,tuning_2025_09_29_16_28/candidates/specs/113_spec.mlir
compute_gemm_4096_4096_8192_f8E4M3FNUZ_f32_tB,114,contraction,sharkmi300x-4,gfx942,4096,4096,8192,64,16,32,8,8,0,0,0,"[0, 1]",LLVMGPUVectorDistribute,"PipelineOptionsSearchSpace(prefetch_shared_memory=[True], no_reduce_shared_memory_bank_conflicts=[None], use_igemm_convolution=[None])",[2],,#iree_gpu.mma_layout<MFMA_F32_16x16x32_F8E4M3FNUZ>,64,32,32,64,4,1,4,1,"['--iree-hal-target-device=hip', '--iree-hip-target=gfx942', '--compile-from=executable-sources']",114,True,"['--input=1', '--benchmark_repetitions=3']",True,hip://5,True,360.33,1100.0,269.67,3.05273,72,659,587,204,302.06,,tuning_2025_09_29_16_28/candidates/specs/114_spec.mlir
compute_gemm_4096_4096_8192_f8E4M3FNUZ_f32_tB,115,contraction,sharkmi300x-4,gfx942,4096,4096,8192,64,16,32,8,8,0,0,0,"[0, 1]",LLVMGPUVectorDistribute,"PipelineOptionsSearchSpace(prefetch_shared_memory=[True], no_reduce_shared_memory_bank_conflicts=[None], use_igemm_convolution=[None])",[2],,#iree_gpu.mma_layout<MFMA_F32_16x16x32_F8E4M3FNUZ>,16,256,32,64,1,1,1,1,"['--iree-hal-target-device=hip', '--iree-hip-target=gfx942', '--compile-from=executable-sources']",115,True,"['--input=1', '--benchmark_repetitions=3']",True,hip://2,True,357.5,1476.67,269.67,4.13054,78,697,619,204,302.06,,tuning_2025_09_29_16_28/candidates/specs/115_spec.mlir
compute_gemm_4096_4096_8192_f8E4M3FNUZ_f32_tB,116,contraction,sharkmi300x-4,gfx942,4096,4096,8192,64,32,16,8,8,0,0,0,"[0, 1]",LLVMGPUVectorDistribute,"PipelineOptionsSearchSpace(prefetch_shared_memory=[True], no_reduce_shared_memory_bank_conflicts=[None], use_igemm_convolution=[None])",[2],,#iree_gpu.mma_layout<MFMA_F32_32x32x16_F8E4M3FNUZ>,64,512,64,128,2,1,2,2,"['--iree-hal-target-device=hip', '--iree-hip-target=gfx942', '--compile-from=executable-sources']",116,True,"['--input=1', '--benchmark_repetitions=3']",True,hip://5,True,360.33,487.0,269.67,1.35153,96,260,164,204,302.06,,tuning_2025_09_29_16_28/candidates/specs/116_spec.mlir
compute_gemm_4096_4096_8192_f8E4M3FNUZ_f32_tB,117,contraction,sharkmi300x-4,gfx942,4096,4096,8192,64,16,32,8,8,0,0,0,"[0, 1]",LLVMGPUVectorDistribute,"PipelineOptionsSearchSpace(prefetch_shared_memory=[True], no_reduce_shared_memory_bank_conflicts=[None], use_igemm_convolution=[None])",[2],,#iree_gpu.mma_layout<MFMA_F32_16x16x32_F8E4M3FNUZ>,512,256,64,128,4,1,4,2,"['--iree-hal-target-device=hip', '--iree-hip-target=gfx942', '--compile-from=executable-sources']",117,True,"['--input=1', '--benchmark_repetitions=3']",True,hip://6,True,357.33,2416.67,269.67,6.76306,121,784,663,204,302.06,,tuning_2025_09_29_16_28/candidates/specs/117_spec.mlir
compute_gemm_4096_4096_8192_f8E4M3FNUZ_f32_tB,118,contraction,sharkmi300x-4,gfx942,4096,4096,8192,64,32,16,8,8,0,0,0,"[0, 1]",LLVMGPUVectorDistribute,"PipelineOptionsSearchSpace(prefetch_shared_memory=[True], no_reduce_shared_memory_bank_conflicts=[None], use_igemm_convolution=[None])",[2],,#iree_gpu.mma_layout<MFMA_F32_32x32x16_F8E4M3FNUZ>,64,256,32,64,1,1,1,1,"['--iree-hal-target-device=hip', '--iree-hip-target=gfx942', '--compile-from=executable-sources']",118,True,"['--input=1', '--benchmark_repetitions=3']",True,hip://6,True,357.33,3266.67,269.67,9.14179,117,802,685,204,302.06,,tuning_2025_09_29_16_28/candidates/specs/118_spec.mlir
compute_gemm_4096_4096_8192_f8E4M3FNUZ_f32_tB,119,contraction,sharkmi300x-4,gfx942,4096,4096,8192,64,32,16,8,8,0,0,0,"[0, 1]",LLVMGPUVectorDistribute,"PipelineOptionsSearchSpace(prefetch_shared_memory=[True], no_reduce_shared_memory_bank_conflicts=[None], use_igemm_convolution=[None])",[2],,#iree_gpu.mma_layout<MFMA_F32_32x32x16_F8E4M3FNUZ>,256,64,128,64,2,1,2,1,"['--iree-hal-target-device=hip', '--iree-hip-target=gfx942', '--compile-from=executable-sources']",119,True,"['--input=1', '--benchmark_repetitions=3']",True,hip://7,True,352.5,559.67,269.67,1.58771,111,380,269,204,302.06,,tuning_2025_09_29_16_28/candidates/specs/119_spec.mlir
compute_gemm_4096_4096_8192_f8E4M3FNUZ_f32_tB,120,contraction,sharkmi300x-4,gfx942,4096,4096,8192,64,16,32,8,8,0,0,0,"[0, 1]",LLVMGPUVectorDistribute,"PipelineOptionsSearchSpace(prefetch_shared_memory=[True], no_reduce_shared_memory_bank_conflicts=[None], use_igemm_convolution=[None])",[2],,#iree_gpu.mma_layout<MFMA_F32_16x16x32_F8E4M3FNUZ>,64,128,64,64,2,1,2,1,"['--iree-hal-target-device=hip', '--iree-hip-target=gfx942', '--compile-from=executable-sources']",120,True,"['--input=1', '--benchmark_repetitions=3']",True,hip://6,True,357.33,419.0,269.67,1.17257,82,194,112,204,302.06,,tuning_2025_09_29_16_28/candidates/specs/120_spec.mlir
compute_gemm_4096_4096_8192_f8E4M3FNUZ_f32_tB,121,contraction,sharkmi300x-4,gfx942,4096,4096,8192,64,16,32,8,8,0,0,0,"[0, 1]",LLVMGPUVectorDistribute,"PipelineOptionsSearchSpace(prefetch_shared_memory=[True], no_reduce_shared_memory_bank_conflicts=[None], use_igemm_convolution=[None])",[2],,#iree_gpu.mma_layout<MFMA_F32_16x16x32_F8E4M3FNUZ>,128,512,32,256,2,1,2,4,"['--iree-hal-target-device=hip', '--iree-hip-target=gfx942', '--compile-from=executable-sources']",121,True,"['--input=1', '--benchmark_repetitions=3']",True,hip://7,True,352.5,484.0,269.67,1.37305,94,275,181,204,302.06,,tuning_2025_09_29_16_28/candidates/specs/121_spec.mlir
compute_gemm_4096_4096_8192_f8E4M3FNUZ_f32_tB,122,contraction,sharkmi300x-4,gfx942,4096,4096,8192,64,32,16,8,8,0,0,0,"[0, 1]",LLVMGPUVectorDistribute,"PipelineOptionsSearchSpace(prefetch_shared_memory=[True], no_reduce_shared_memory_bank_conflicts=[None], use_igemm_convolution=[None])",[2],,#iree_gpu.mma_layout<MFMA_F32_32x32x16_F8E4M3FNUZ>,64,64,512,64,1,1,1,1,"['--iree-hal-target-device=hip', '--iree-hip-target=gfx942', '--compile-from=executable-sources']",122,True,"['--input=1', '--benchmark_repetitions=3']",True,hip://6,True,357.33,1966.67,269.67,5.50373,129,764,635,204,302.06,,tuning_2025_09_29_16_28/candidates/specs/122_spec.mlir
compute_gemm_4096_4096_8192_f8E4M3FNUZ_f32_tB,123,contraction,sharkmi300x-4,gfx942,4096,4096,8192,64,32,16,8,8,0,0,0,"[0, 1]",LLVMGPUVectorDistribute,"PipelineOptionsSearchSpace(prefetch_shared_memory=[True], no_reduce_shared_memory_bank_conflicts=[None], use_igemm_convolution=[None])",[2],,#iree_gpu.mma_layout<MFMA_F32_32x32x16_F8E4M3FNUZ>,128,64,32,64,1,1,1,1,"['--iree-hal-target-device=hip', '--iree-hip-target=gfx942', '--compile-from=executable-sources']",123,True,"['--input=1', '--benchmark_repetitions=3']",True,hip://6,True,357.33,865.67,269.67,2.42257,99,567,468,204,302.06,,tuning_2025_09_29_16_28/candidates/specs/123_spec.mlir
compute_gemm_4096_4096_8192_f8E4M3FNUZ_f32_tB,124,contraction,sharkmi300x-4,gfx942,4096,4096,8192,64,16,32,8,8,0,0,0,"[0, 1]",LLVMGPUVectorDistribute,"PipelineOptionsSearchSpace(prefetch_shared_memory=[True], no_reduce_shared_memory_bank_conflicts=[None], use_igemm_convolution=[None])",[2],,#iree_gpu.mma_layout<MFMA_F32_16x16x32_F8E4M3FNUZ>,64,256,128,128,4,1,4,2,"['--iree-hal-target-device=hip', '--iree-hip-target=gfx942', '--compile-from=executable-sources']",124,True,"['--input=1', '--benchmark_repetitions=3']",True,hip://5,True,360.33,428.67,269.67,1.18964,84,199,115,204,302.06,,tuning_2025_09_29_16_28/candidates/specs/124_spec.mlir
compute_gemm_4096_4096_8192_f8E4M3FNUZ_f32_tB,125,contraction,sharkmi300x-4,gfx942,4096,4096,8192,64,16,32,8,8,0,0,0,"[0, 1]",LLVMGPUVectorDistribute,"PipelineOptionsSearchSpace(prefetch_shared_memory=[True], no_reduce_shared_memory_bank_conflicts=[None], use_igemm_convolution=[None])",[2],,#iree_gpu.mma_layout<MFMA_F32_16x16x32_F8E4M3FNUZ>,512,16,64,64,4,1,4,1,"['--iree-hal-target-device=hip', '--iree-hip-target=gfx942', '--compile-from=executable-sources']",125,True,"['--input=1', '--benchmark_repetitions=3']",True,hip://7,True,352.5,1000.0,269.67,2.83688,85,629,544,204,302.06,,tuning_2025_09_29_16_28/candidates/specs/125_spec.mlir
compute_gemm_4096_4096_8192_f8E4M3FNUZ_f32_tB,126,contraction,sharkmi300x-4,gfx942,4096,4096,8192,64,16,32,8,8,0,0,0,"[0, 1]",LLVMGPUVectorDistribute,"PipelineOptionsSearchSpace(prefetch_shared_memory=[True], no_reduce_shared_memory_bank_conflicts=[None], use_igemm_convolution=[None])",[2],,#iree_gpu.mma_layout<MFMA_F32_16x16x32_F8E4M3FNUZ>,256,256,128,64,8,1,8,1,"['--iree-hal-target-device=hip', '--iree-hip-target=gfx942', '--compile-from=executable-sources']",126,True,"['--input=1', '--benchmark_repetitions=3']",True,hip://5,True,360.33,1543.33,269.67,4.28307,116,713,597,204,302.06,,tuning_2025_09_29_16_28/candidates/specs/126_spec.mlir
compute_gemm_4096_4096_8192_f8E4M3FNUZ_f32_tB,127,contraction,sharkmi300x-4,gfx942,4096,4096,8192,64,32,16,8,8,0,0,0,"[0, 1]",LLVMGPUVectorDistribute,"PipelineOptionsSearchSpace(prefetch_shared_memory=[True], no_reduce_shared_memory_bank_conflicts=[None], use_igemm_convolution=[None])",[2],,#iree_gpu.mma_layout<MFMA_F32_32x32x16_F8E4M3FNUZ>,128,128,32,64,2,1,2,1,"['--iree-hal-target-device=hip', '--iree-hip-target=gfx942', '--compile-from=executable-sources']",127,True,"['--input=1', '--benchmark_repetitions=3']",True,hip://6,True,357.33,515.67,269.67,1.4431,103,309,206,204,302.06,,tuning_2025_09_29_16_28/candidates/specs/127_spec.mlir
compute_gemm_4096_4096_8192_f8E4M3FNUZ_f32_tB,128,contraction,sharkmi300x-4,gfx942,4096,4096,8192,64,16,32,8,8,0,0,0,"[0, 1]",LLVMGPUVectorDistribute,"PipelineOptionsSearchSpace(prefetch_shared_memory=[True], no_reduce_shared_memory_bank_conflicts=[None], use_igemm_convolution=[None])",[2],,#iree_gpu.mma_layout<MFMA_F32_16x16x32_F8E4M3FNUZ>,16,256,128,128,1,1,1,2,"['--iree-hal-target-device=hip', '--iree-hip-target=gfx942', '--compile-from=executable-sources']",128,True,"['--input=1', '--benchmark_repetitions=3']",True,hip://2,True,357.5,1023.33,269.67,2.86247,93,635,542,204,302.06,,tuning_2025_09_29_16_28/candidates/specs/128_spec.mlir
compute_gemm_4096_4096_8192_f8E4M3FNUZ_f32_tB,129,contraction,sharkmi300x-4,gfx942,4096,4096,8192,64,32,16,8,8,0,0,0,"[0, 1]",LLVMGPUVectorDistribute,"PipelineOptionsSearchSpace(prefetch_shared_memory=[True], no_reduce_shared_memory_bank_conflicts=[None], use_igemm_convolution=[None])",[2],,#iree_gpu.mma_layout<MFMA_F32_32x32x16_F8E4M3FNUZ>,128,256,32,64,1,1,1,1,"['--iree-hal-target-device=hip', '--iree-hip-target=gfx942', '--compile-from=executable-sources']",129,True,"['--input=1', '--benchmark_repetitions=3']",True,hip://6,True,357.33,10200.0,269.67,28.54478,189,889,700,204,302.06,,tuning_2025_09_29_16_28/candidates/specs/129_spec.mlir
compute_gemm_4096_4096_8192_f8E4M3FNUZ_f32_tB,130,contraction,sharkmi300x-4,gfx942,4096,4096,8192,64,32,16,8,8,0,0,0,"[0, 1]",LLVMGPUVectorDistribute,"PipelineOptionsSearchSpace(prefetch_shared_memory=[True], no_reduce_shared_memory_bank_conflicts=[None], use_igemm_convolution=[None])",[2],,#iree_gpu.mma_layout<MFMA_F32_32x32x16_F8E4M3FNUZ>,512,64,64,64,8,1,8,1,"['--iree-hal-target-device=hip', '--iree-hip-target=gfx942', '--compile-from=executable-sources']",130,True,"['--input=1', '--benchmark_repetitions=3']",True,hip://2,True,357.5,442.67,269.67,1.23823,97,213,116,204,302.06,,tuning_2025_09_29_16_28/candidates/specs/130_spec.mlir
compute_gemm_4096_4096_8192_f8E4M3FNUZ_f32_tB,131,contraction,sharkmi300x-4,gfx942,4096,4096,8192,64,16,32,8,8,0,0,0,"[0, 1]",LLVMGPUVectorDistribute,"PipelineOptionsSearchSpace(prefetch_shared_memory=[True], no_reduce_shared_memory_bank_conflicts=[None], use_igemm_convolution=[None])",[2],,#iree_gpu.mma_layout<MFMA_F32_16x16x32_F8E4M3FNUZ>,256,256,32,64,8,1,8,1,"['--iree-hal-target-device=hip', '--iree-hip-target=gfx942', '--compile-from=executable-sources']",131,True,"['--input=1', '--benchmark_repetitions=3']",True,hip://7,True,352.5,338.67,269.67,0.96076,106,79,27,204,302.06,,tuning_2025_09_29_16_28/candidates/specs/131_spec.mlir
compute_gemm_4096_4096_8192_f8E4M3FNUZ_f32_tB,132,contraction,sharkmi300x-4,gfx942,4096,4096,8192,64,16,32,8,8,0,0,0,"[0, 1]",LLVMGPUVectorDistribute,"PipelineOptionsSearchSpace(prefetch_shared_memory=[True], no_reduce_shared_memory_bank_conflicts=[None], use_igemm_convolution=[None])",[2],,#iree_gpu.mma_layout<MFMA_F32_16x16x32_F8E4M3FNUZ>,512,512,32,64,8,1,8,1,"['--iree-hal-target-device=hip', '--iree-hip-target=gfx942', '--compile-from=executable-sources']",132,True,"['--input=1', '--benchmark_repetitions=3']",True,hip://7,True,352.5,12900.0,269.67,36.59574,191,910,719,204,302.06,,tuning_2025_09_29_16_28/candidates/specs/132_spec.mlir
compute_gemm_4096_4096_8192_f8E4M3FNUZ_f32_tB,133,contraction,sharkmi300x-4,gfx942,4096,4096,8192,64,16,32,8,8,0,0,0,"[0, 1]",LLVMGPUVectorDistribute,"PipelineOptionsSearchSpace(prefetch_shared_memory=[True], no_reduce_shared_memory_bank_conflicts=[None], use_igemm_convolution=[None])",[2],,#iree_gpu.mma_layout<MFMA_F32_16x16x32_F8E4M3FNUZ>,64,32,32,64,1,1,1,1,"['--iree-hal-target-device=hip', '--iree-hip-target=gfx942', '--compile-from=executable-sources']",133,True,"['--input=1', '--benchmark_repetitions=3']",True,hip://2,True,357.5,1680.0,269.67,4.6993,86,727,641,204,302.06,,tuning_2025_09_29_16_28/candidates/specs/133_spec.mlir
compute_gemm_4096_4096_8192_f8E4M3FNUZ_f32_tB,134,contraction,sharkmi300x-4,gfx942,4096,4096,8192,64,32,16,8,8,0,0,0,"[0, 1]",LLVMGPUVectorDistribute,"PipelineOptionsSearchSpace(prefetch_shared_memory=[True], no_reduce_shared_memory_bank_conflicts=[None], use_igemm_convolution=[None])",[2],,#iree_gpu.mma_layout<MFMA_F32_32x32x16_F8E4M3FNUZ>,512,128,32,256,2,1,2,4,"['--iree-hal-target-device=hip', '--iree-hip-target=gfx942', '--compile-from=executable-sources']",134,True,"['--input=1', '--benchmark_repetitions=3']",True,hip://5,True,360.33,530.33,269.67,1.47179,112,325,213,204,302.06,,tuning_2025_09_29_16_28/candidates/specs/134_spec.mlir
compute_gemm_4096_4096_8192_f8E4M3FNUZ_f32_tB,135,contraction,sharkmi300x-4,gfx942,4096,4096,8192,64,32,16,8,8,0,0,0,"[0, 1]",LLVMGPUVectorDistribute,"PipelineOptionsSearchSpace(prefetch_shared_memory=[True], no_reduce_shared_memory_bank_conflicts=[None], use_igemm_convolution=[None])",[2],,#iree_gpu.mma_layout<MFMA_F32_32x32x16_F8E4M3FNUZ>,512,512,32,128,2,1,2,2,"['--iree-hal-target-device=hip', '--iree-hip-target=gfx942', '--compile-from=executable-sources']",135,True,"['--input=1', '--benchmark_repetitions=3']",True,hip://5,True,360.33,29033.33,269.67,80.57354,389,949,560,204,302.06,,tuning_2025_09_29_16_28/candidates/specs/135_spec.mlir
compute_gemm_4096_4096_8192_f8E4M3FNUZ_f32_tB,136,contraction,sharkmi300x-4,gfx942,4096,4096,8192,64,16,32,8,8,0,0,0,"[0, 1]",LLVMGPUVectorDistribute,"PipelineOptionsSearchSpace(prefetch_shared_memory=[True], no_reduce_shared_memory_bank_conflicts=[None], use_igemm_convolution=[None])",[2],,#iree_gpu.mma_layout<MFMA_F32_16x16x32_F8E4M3FNUZ>,256,512,64,256,2,1,2,4,"['--iree-hal-target-device=hip', '--iree-hip-target=gfx942', '--compile-from=executable-sources']",136,True,"['--input=1', '--benchmark_repetitions=3']",True,hip://7,True,352.5,2410.0,269.67,6.83688,135,785,650,204,302.06,,tuning_2025_09_29_16_28/candidates/specs/136_spec.mlir
compute_gemm_4096_4096_8192_f8E4M3FNUZ_f32_tB,137,contraction,sharkmi300x-4,gfx942,4096,4096,8192,64,16,32,8,8,0,0,0,"[0, 1]",LLVMGPUVectorDistribute,"PipelineOptionsSearchSpace(prefetch_shared_memory=[True], no_reduce_shared_memory_bank_conflicts=[None], use_igemm_convolution=[None])",[2],,#iree_gpu.mma_layout<MFMA_F32_16x16x32_F8E4M3FNUZ>,32,256,64,128,2,1,2,2,"['--iree-hal-target-device=hip', '--iree-hip-target=gfx942', '--compile-from=executable-sources']",137,True,"['--input=1', '--benchmark_repetitions=3']",True,hip://7,True,352.5,524.67,269.67,1.48842,98,335,237,204,302.06,,tuning_2025_09_29_16_28/candidates/specs/137_spec.mlir
compute_gemm_4096_4096_8192_f8E4M3FNUZ_f32_tB,138,contraction,sharkmi300x-4,gfx942,4096,4096,8192,64,16,32,8,8,0,0,0,"[0, 1]",LLVMGPUVectorDistribute,"PipelineOptionsSearchSpace(prefetch_shared_memory=[True], no_reduce_shared_memory_bank_conflicts=[None], use_igemm_convolution=[None])",[2],,#iree_gpu.mma_layout<MFMA_F32_16x16x32_F8E4M3FNUZ>,256,512,32,256,1,1,1,4,"['--iree-hal-target-device=hip', '--iree-hip-target=gfx942', '--compile-from=executable-sources']",138,True,"['--input=1', '--benchmark_repetitions=3']",True,hip://7,True,352.5,8030.0,269.67,22.78014,195,863,668,204,302.06,,tuning_2025_09_29_16_28/candidates/specs/138_spec.mlir
compute_gemm_4096_4096_8192_f8E4M3FNUZ_f32_tB,139,contraction,sharkmi300x-4,gfx942,4096,4096,8192,64,16,32,8,8,0,0,0,"[0, 1]",LLVMGPUVectorDistribute,"PipelineOptionsSearchSpace(prefetch_shared_memory=[True], no_reduce_shared_memory_bank_conflicts=[None], use_igemm_convolution=[None])",[2],,#iree_gpu.mma_layout<MFMA_F32_16x16x32_F8E4M3FNUZ>,64,128,128,128,2,1,2,2,"['--iree-hal-target-device=hip', '--iree-hip-target=gfx942', '--compile-from=executable-sources']",139,True,"['--input=1', '--benchmark_repetitions=3']",True,hip://5,True,360.33,307.33,269.67,0.85291,100,17,83,204,302.06,,tuning_2025_09_29_16_28/candidates/specs/139_spec.mlir
compute_gemm_4096_4096_8192_f8E4M3FNUZ_f32_tB,140,contraction,sharkmi300x-4,gfx942,4096,4096,8192,64,32,16,8,8,0,0,0,"[0, 1]",LLVMGPUVectorDistribute,"PipelineOptionsSearchSpace(prefetch_shared_memory=[True], no_reduce_shared_memory_bank_conflicts=[None], use_igemm_convolution=[None])",[2],,#iree_gpu.mma_layout<MFMA_F32_32x32x16_F8E4M3FNUZ>,128,32,256,64,4,1,4,1,"['--iree-hal-target-device=hip', '--iree-hip-target=gfx942', '--compile-from=executable-sources']",140,True,"['--input=1', '--benchmark_repetitions=3']",True,hip://7,True,352.5,573.0,269.67,1.62553,102,391,289,204,302.06,,tuning_2025_09_29_16_28/candidates/specs/140_spec.mlir
compute_gemm_4096_4096_8192_f8E4M3FNUZ_f32_tB,141,contraction,sharkmi300x-4,gfx942,4096,4096,8192,64,16,32,8,8,0,0,0,"[0, 1]",LLVMGPUVectorDistribute,"PipelineOptionsSearchSpace(prefetch_shared_memory=[True], no_reduce_shared_memory_bank_conflicts=[None], use_igemm_convolution=[None])",[2],,#iree_gpu.mma_layout<MFMA_F32_16x16x32_F8E4M3FNUZ>,16,512,64,512,1,1,1,8,"['--iree-hal-target-device=hip', '--iree-hip-target=gfx942', '--compile-from=executable-sources']",141,True,"['--input=1', '--benchmark_repetitions=3']",True,hip://5,True,360.33,1123.33,269.67,3.11748,104,663,559,204,302.06,,tuning_2025_09_29_16_28/candidates/specs/141_spec.mlir
compute_gemm_4096_4096_8192_f8E4M3FNUZ_f32_tB,142,contraction,sharkmi300x-4,gfx942,4096,4096,8192,64,16,32,8,8,0,0,0,"[0, 1]",LLVMGPUVectorDistribute,"PipelineOptionsSearchSpace(prefetch_shared_memory=[True], no_reduce_shared_memory_bank_conflicts=[None], use_igemm_convolution=[None])",[2],,#iree_gpu.mma_layout<MFMA_F32_16x16x32_F8E4M3FNUZ>,128,128,256,64,1,1,1,1,"['--iree-hal-target-device=hip', '--iree-hip-target=gfx942', '--compile-from=executable-sources']",142,True,"['--input=1', '--benchmark_repetitions=3']",True,hip://6,True,357.33,3600.0,269.67,10.07463,201,808,607,204,302.06,,tuning_2025_09_29_16_28/candidates/specs/142_spec.mlir
compute_gemm_4096_4096_8192_f8E4M3FNUZ_f32_tB,143,contraction,sharkmi300x-4,gfx942,4096,4096,8192,64,16,32,8,8,0,0,0,"[0, 1]",LLVMGPUVectorDistribute,"PipelineOptionsSearchSpace(prefetch_shared_memory=[True], no_reduce_shared_memory_bank_conflicts=[None], use_igemm_convolution=[None])",[2],,#iree_gpu.mma_layout<MFMA_F32_16x16x32_F8E4M3FNUZ>,128,512,64,64,1,1,1,1,"['--iree-hal-target-device=hip', '--iree-hip-target=gfx942', '--compile-from=executable-sources']",143,True,"['--input=1', '--benchmark_repetitions=3']",True,hip://5,True,360.33,7256.67,269.67,20.13876,562,845,283,204,302.06,,tuning_2025_09_29_16_28/candidates/specs/143_spec.mlir
compute_gemm_4096_4096_8192_f8E4M3FNUZ_f32_tB,144,contraction,sharkmi300x-4,gfx942,4096,4096,8192,64,32,16,8,8,0,0,0,"[0, 1]",LLVMGPUVectorDistribute,"PipelineOptionsSearchSpace(prefetch_shared_memory=[True], no_reduce_shared_memory_bank_conflicts=[None], use_igemm_convolution=[None])",[2],,#iree_gpu.mma_layout<MFMA_F32_32x32x16_F8E4M3FNUZ>,128,512,64,256,1,1,1,4,"['--iree-hal-target-device=hip', '--iree-hip-target=gfx942', '--compile-from=executable-sources']",144,True,"['--input=1', '--benchmark_repetitions=3']",True,hip://2,True,357.5,383.33,269.67,1.07226,149,132,17,204,302.06,,tuning_2025_09_29_16_28/candidates/specs/144_spec.mlir
compute_gemm_4096_4096_8192_f8E4M3FNUZ_f32_tB,145,contraction,sharkmi300x-4,gfx942,4096,4096,8192,64,32,16,8,8,0,0,0,"[0, 1]",LLVMGPUVectorDistribute,"PipelineOptionsSearchSpace(prefetch_shared_memory=[True], no_reduce_shared_memory_bank_conflicts=[None], use_igemm_convolution=[None])",[2],,#iree_gpu.mma_layout<MFMA_F32_32x32x16_F8E4M3FNUZ>,256,128,32,128,1,1,1,2,"['--iree-hal-target-device=hip', '--iree-hip-target=gfx942', '--compile-from=executable-sources']",145,True,"['--input=1', '--benchmark_repetitions=3']",True,hip://5,True,360.33,2113.33,269.67,5.86494,144,773,629,204,302.06,,tuning_2025_09_29_16_28/candidates/specs/145_spec.mlir
compute_gemm_4096_4096_8192_f8E4M3FNUZ_f32_tB,146,contraction,sharkmi300x-4,gfx942,4096,4096,8192,64,16,32,8,8,0,0,0,"[0, 1]",LLVMGPUVectorDistribute,"PipelineOptionsSearchSpace(prefetch_shared_memory=[True], no_reduce_shared_memory_bank_conflicts=[None], use_igemm_convolution=[None])",[2],,#iree_gpu.mma_layout<MFMA_F32_16x16x32_F8E4M3FNUZ>,128,512,64,256,1,1,1,4,"['--iree-hal-target-device=hip', '--iree-hip-target=gfx942', '--compile-from=executable-sources']",146,True,"['--input=1', '--benchmark_repetitions=3']",True,hip://6,True,357.33,447.33,269.67,1.25187,154,217,63,204,302.06,,tuning_2025_09_29_16_28/candidates/specs/146_spec.mlir
compute_gemm_4096_4096_8192_f8E4M3FNUZ_f32_tB,147,contraction,sharkmi300x-4,gfx942,4096,4096,8192,64,32,16,8,8,0,0,0,"[0, 1]",LLVMGPUVectorDistribute,"PipelineOptionsSearchSpace(prefetch_shared_memory=[True], no_reduce_shared_memory_bank_conflicts=[None], use_igemm_convolution=[None])",[2],,#iree_gpu.mma_layout<MFMA_F32_32x32x16_F8E4M3FNUZ>,128,128,64,64,1,1,1,1,"['--iree-hal-target-device=hip', '--iree-hip-target=gfx942', '--compile-from=executable-sources']",147,True,"['--input=1', '--benchmark_repetitions=3']",True,hip://7,True,352.5,516.0,269.67,1.46383,155,322,167,204,302.06,,tuning_2025_09_29_16_28/candidates/specs/147_spec.mlir
compute_gemm_4096_4096_8192_f8E4M3FNUZ_f32_tB,148,contraction,sharkmi300x-4,gfx942,4096,4096,8192,64,16,32,8,8,0,0,0,"[0, 1]",LLVMGPUVectorDistribute,"PipelineOptionsSearchSpace(prefetch_shared_memory=[True], no_reduce_shared_memory_bank_conflicts=[None], use_igemm_convolution=[None])",[2],,#iree_gpu.mma_layout<MFMA_F32_16x16x32_F8E4M3FNUZ>,64,16,128,64,4,1,4,1,"['--iree-hal-target-device=hip', '--iree-hip-target=gfx942', '--compile-from=executable-sources']",148,True,"['--input=1', '--benchmark_repetitions=3']",True,hip://6,True,357.33,737.0,269.67,2.0625,109,511,402,204,302.06,,tuning_2025_09_29_16_28/candidates/specs/148_spec.mlir
compute_gemm_4096_4096_8192_f8E4M3FNUZ_f32_tB,149,contraction,sharkmi300x-4,gfx942,4096,4096,8192,64,16,32,8,8,0,0,0,"[0, 1]",LLVMGPUVectorDistribute,"PipelineOptionsSearchSpace(prefetch_shared_memory=[True], no_reduce_shared_memory_bank_conflicts=[None], use_igemm_convolution=[None])",[2],,#iree_gpu.mma_layout<MFMA_F32_16x16x32_F8E4M3FNUZ>,64,16,32,64,2,1,2,1,"['--iree-hal-target-device=hip', '--iree-hip-target=gfx942', '--compile-from=executable-sources']",149,True,"['--input=1', '--benchmark_repetitions=3']",True,hip://2,True,357.5,1876.67,269.67,5.24942,107,755,648,204,302.06,,tuning_2025_09_29_16_28/candidates/specs/149_spec.mlir
compute_gemm_4096_4096_8192_f8E4M3FNUZ_f32_tB,150,contraction,sharkmi300x-4,gfx942,4096,4096,8192,64,16,32,8,8,0,0,0,"[0, 1]",LLVMGPUVectorDistribute,"PipelineOptionsSearchSpace(prefetch_shared_memory=[True], no_reduce_shared_memory_bank_conflicts=[None], use_igemm_convolution=[None])",[2],,#iree_gpu.mma_layout<MFMA_F32_16x16x32_F8E4M3FNUZ>,128,256,32,64,1,1,1,1,"['--iree-hal-target-device=hip', '--iree-hip-target=gfx942', '--compile-from=executable-sources']",150,True,"['--input=1', '--benchmark_repetitions=3']",True,hip://5,True,360.33,6493.33,269.67,18.02035,225,834,609,204,302.06,,tuning_2025_09_29_16_28/candidates/specs/150_spec.mlir
compute_gemm_4096_4096_8192_f8E4M3FNUZ_f32_tB,151,contraction,sharkmi300x-4,gfx942,4096,4096,8192,64,16,32,8,8,0,0,0,"[0, 1]",LLVMGPUVectorDistribute,"PipelineOptionsSearchSpace(prefetch_shared_memory=[True], no_reduce_shared_memory_bank_conflicts=[None], use_igemm_convolution=[None])",[2],,#iree_gpu.mma_layout<MFMA_F32_16x16x32_F8E4M3FNUZ>,256,512,64,64,4,1,4,1,"['--iree-hal-target-device=hip', '--iree-hip-target=gfx942', '--compile-from=executable-sources']",151,True,"['--input=1', '--benchmark_repetitions=3']",True,hip://5,True,360.33,7503.33,269.67,20.82331,286,850,564,204,302.06,,tuning_2025_09_29_16_28/candidates/specs/151_spec.mlir
compute_gemm_4096_4096_8192_f8E4M3FNUZ_f32_tB,152,contraction,sharkmi300x-4,gfx942,4096,4096,8192,64,16,32,8,8,0,0,0,"[0, 1]",LLVMGPUVectorDistribute,"PipelineOptionsSearchSpace(prefetch_shared_memory=[True], no_reduce_shared_memory_bank_conflicts=[None], use_igemm_convolution=[None])",[2],,#iree_gpu.mma_layout<MFMA_F32_16x16x32_F8E4M3FNUZ>,128,32,64,64,2,1,2,1,"['--iree-hal-target-device=hip', '--iree-hip-target=gfx942', '--compile-from=executable-sources']",152,True,"['--input=1', '--benchmark_repetitions=3']",True,hip://7,True,352.5,631.67,269.67,1.79196,114,430,316,204,302.06,,tuning_2025_09_29_16_28/candidates/specs/152_spec.mlir
compute_gemm_4096_4096_8192_f8E4M3FNUZ_f32_tB,153,contraction,sharkmi300x-4,gfx942,4096,4096,8192,64,32,16,8,8,0,0,0,"[0, 1]",LLVMGPUVectorDistribute,"PipelineOptionsSearchSpace(prefetch_shared_memory=[True], no_reduce_shared_memory_bank_conflicts=[None], use_igemm_convolution=[None])",[2],,#iree_gpu.mma_layout<MFMA_F32_32x32x16_F8E4M3FNUZ>,128,64,32,64,2,1,2,1,"['--iree-hal-target-device=hip', '--iree-hip-target=gfx942', '--compile-from=executable-sources']",153,True,"['--input=1', '--benchmark_repetitions=3']",True,hip://7,True,352.5,801.67,269.67,2.27423,118,538,420,204,302.06,,tuning_2025_09_29_16_28/candidates/specs/153_spec.mlir
compute_gemm_4096_4096_8192_f8E4M3FNUZ_f32_tB,154,contraction,sharkmi300x-4,gfx942,4096,4096,8192,64,16,32,8,8,0,0,0,"[0, 1]",LLVMGPUVectorDistribute,"PipelineOptionsSearchSpace(prefetch_shared_memory=[True], no_reduce_shared_memory_bank_conflicts=[None], use_igemm_convolution=[None])",[2],,#iree_gpu.mma_layout<MFMA_F32_16x16x32_F8E4M3FNUZ>,64,64,256,64,1,1,1,1,"['--iree-hal-target-device=hip', '--iree-hip-target=gfx942', '--compile-from=executable-sources']",154,True,"['--input=1', '--benchmark_repetitions=3']",True,hip://6,True,357.33,937.0,269.67,2.6222,133,595,462,204,302.06,,tuning_2025_09_29_16_28/candidates/specs/154_spec.mlir
compute_gemm_4096_4096_8192_f8E4M3FNUZ_f32_tB,155,contraction,sharkmi300x-4,gfx942,4096,4096,8192,64,16,32,8,8,0,0,0,"[0, 1]",LLVMGPUVectorDistribute,"PipelineOptionsSearchSpace(prefetch_shared_memory=[True], no_reduce_shared_memory_bank_conflicts=[None], use_igemm_convolution=[None])",[2],,#iree_gpu.mma_layout<MFMA_F32_16x16x32_F8E4M3FNUZ>,128,128,128,64,4,1,4,1,"['--iree-hal-target-device=hip', '--iree-hip-target=gfx942', '--compile-from=executable-sources']",155,True,"['--input=1', '--benchmark_repetitions=3']",True,hip://2,True,357.5,413.0,269.67,1.15524,126,182,56,204,302.06,,tuning_2025_09_29_16_28/candidates/specs/155_spec.mlir
compute_gemm_4096_4096_8192_f8E4M3FNUZ_f32_tB,156,contraction,sharkmi300x-4,gfx942,4096,4096,8192,64,32,16,8,8,0,0,0,"[0, 1]",LLVMGPUVectorDistribute,"PipelineOptionsSearchSpace(prefetch_shared_memory=[True], no_reduce_shared_memory_bank_conflicts=[None], use_igemm_convolution=[None])",[2],,#iree_gpu.mma_layout<MFMA_F32_32x32x16_F8E4M3FNUZ>,64,32,64,64,2,1,2,1,"['--iree-hal-target-device=hip', '--iree-hip-target=gfx942', '--compile-from=executable-sources']",156,True,"['--input=1', '--benchmark_repetitions=3']",True,hip://2,True,357.5,646.67,269.67,1.80886,115,444,329,204,302.06,,tuning_2025_09_29_16_28/candidates/specs/156_spec.mlir
compute_gemm_4096_4096_8192_f8E4M3FNUZ_f32_tB,157,contraction,sharkmi300x-4,gfx942,4096,4096,8192,64,32,16,8,8,0,0,0,"[0, 1]",LLVMGPUVectorDistribute,"PipelineOptionsSearchSpace(prefetch_shared_memory=[True], no_reduce_shared_memory_bank_conflicts=[None], use_igemm_convolution=[None])",[2],,#iree_gpu.mma_layout<MFMA_F32_32x32x16_F8E4M3FNUZ>,512,64,32,64,8,1,8,1,"['--iree-hal-target-device=hip', '--iree-hip-target=gfx942', '--compile-from=executable-sources']",157,True,"['--input=1', '--benchmark_repetitions=3']",True,hip://2,True,357.5,641.0,269.67,1.79301,119,432,313,204,302.06,,tuning_2025_09_29_16_28/candidates/specs/157_spec.mlir
compute_gemm_4096_4096_8192_f8E4M3FNUZ_f32_tB,158,contraction,sharkmi300x-4,gfx942,4096,4096,8192,64,32,16,8,8,0,0,0,"[0, 1]",LLVMGPUVectorDistribute,"PipelineOptionsSearchSpace(prefetch_shared_memory=[True], no_reduce_shared_memory_bank_conflicts=[None], use_igemm_convolution=[None])",[2],,#iree_gpu.mma_layout<MFMA_F32_32x32x16_F8E4M3FNUZ>,512,64,64,128,2,1,2,2,"['--iree-hal-target-device=hip', '--iree-hip-target=gfx942', '--compile-from=executable-sources']",158,True,"['--input=1', '--benchmark_repetitions=3']",True,hip://5,True,360.33,497.0,269.67,1.37928,136,278,142,204,302.06,,tuning_2025_09_29_16_28/candidates/specs/158_spec.mlir
compute_gemm_4096_4096_8192_f8E4M3FNUZ_f32_tB,159,contraction,sharkmi300x-4,gfx942,4096,4096,8192,64,16,32,8,8,0,0,0,"[0, 1]",LLVMGPUVectorDistribute,"PipelineOptionsSearchSpace(prefetch_shared_memory=[True], no_reduce_shared_memory_bank_conflicts=[None], use_igemm_convolution=[None])",[2],,#iree_gpu.mma_layout<MFMA_F32_16x16x32_F8E4M3FNUZ>,512,512,32,512,1,1,1,8,"['--iree-hal-target-device=hip', '--iree-hip-target=gfx942', '--compile-from=executable-sources']",159,True,"['--input=1', '--benchmark_repetitions=3']",True,hip://7,True,352.5,10900.0,269.67,30.92199,215,894,679,204,302.06,,tuning_2025_09_29_16_28/candidates/specs/159_spec.mlir
compute_gemm_4096_4096_8192_f8E4M3FNUZ_f32_tB,160,contraction,sharkmi300x-4,gfx942,4096,4096,8192,64,32,16,8,8,0,0,0,"[0, 1]",LLVMGPUVectorDistribute,"PipelineOptionsSearchSpace(prefetch_shared_memory=[True], no_reduce_shared_memory_bank_conflicts=[None], use_igemm_convolution=[None])",[2],,#iree_gpu.mma_layout<MFMA_F32_32x32x16_F8E4M3FNUZ>,128,512,64,128,1,1,1,2,"['--iree-hal-target-device=hip', '--iree-hip-target=gfx942', '--compile-from=executable-sources']",160,True,"['--input=1', '--benchmark_repetitions=3']",True,hip://2,True,357.5,9993.33,269.67,27.95338,250,886,636,204,302.06,,tuning_2025_09_29_16_28/candidates/specs/160_spec.mlir
compute_gemm_4096_4096_8192_f8E4M3FNUZ_f32_tB,161,contraction,sharkmi300x-4,gfx942,4096,4096,8192,64,16,32,8,8,0,0,0,"[0, 1]",LLVMGPUVectorDistribute,"PipelineOptionsSearchSpace(prefetch_shared_memory=[True], no_reduce_shared_memory_bank_conflicts=[None], use_igemm_convolution=[None])",[2],,#iree_gpu.mma_layout<MFMA_F32_16x16x32_F8E4M3FNUZ>,64,64,64,64,1,1,1,1,"['--iree-hal-target-device=hip', '--iree-hip-target=gfx942', '--compile-from=executable-sources']",161,True,"['--input=1', '--benchmark_repetitions=3']",True,hip://7,True,352.5,492.33,269.67,1.39669,122,289,167,204,302.06,,tuning_2025_09_29_16_28/candidates/specs/161_spec.mlir
compute_gemm_4096_4096_8192_f8E4M3FNUZ_f32_tB,162,contraction,sharkmi300x-4,gfx942,4096,4096,8192,64,32,16,8,8,0,0,0,"[0, 1]",LLVMGPUVectorDistribute,"PipelineOptionsSearchSpace(prefetch_shared_memory=[True], no_reduce_shared_memory_bank_conflicts=[None], use_igemm_convolution=[None])",[2],,#iree_gpu.mma_layout<MFMA_F32_32x32x16_F8E4M3FNUZ>,256,128,128,64,2,1,2,1,"['--iree-hal-target-device=hip', '--iree-hip-target=gfx942', '--compile-from=executable-sources']",162,True,"['--input=1', '--benchmark_repetitions=3']",True,hip://2,True,357.5,467.33,269.67,1.30723,182,242,60,204,302.06,,tuning_2025_09_29_16_28/candidates/specs/162_spec.mlir
compute_gemm_4096_4096_8192_f8E4M3FNUZ_f32_tB,163,contraction,sharkmi300x-4,gfx942,4096,4096,8192,64,16,32,8,8,0,0,0,"[0, 1]",LLVMGPUVectorDistribute,"PipelineOptionsSearchSpace(prefetch_shared_memory=[True], no_reduce_shared_memory_bank_conflicts=[None], use_igemm_convolution=[None])",[2],,#iree_gpu.mma_layout<MFMA_F32_16x16x32_F8E4M3FNUZ>,128,128,256,128,4,1,4,2,"['--iree-hal-target-device=hip', '--iree-hip-target=gfx942', '--compile-from=executable-sources']",163,True,"['--input=1', '--benchmark_repetitions=3']",True,hip://5,True,360.33,1733.33,269.67,4.81036,124,733,609,204,302.06,,tuning_2025_09_29_16_28/candidates/specs/163_spec.mlir
compute_gemm_4096_4096_8192_f8E4M3FNUZ_f32_tB,164,contraction,sharkmi300x-4,gfx942,4096,4096,8192,64,16,32,8,8,0,0,0,"[0, 1]",LLVMGPUVectorDistribute,"PipelineOptionsSearchSpace(prefetch_shared_memory=[True], no_reduce_shared_memory_bank_conflicts=[None], use_igemm_convolution=[None])",[2],,#iree_gpu.mma_layout<MFMA_F32_16x16x32_F8E4M3FNUZ>,128,128,256,128,1,1,1,2,"['--iree-hal-target-device=hip', '--iree-hip-target=gfx942', '--compile-from=executable-sources']",164,True,"['--input=1', '--benchmark_repetitions=3']",True,hip://2,True,357.5,1103.33,269.67,3.08625,161,661,500,204,302.06,,tuning_2025_09_29_16_28/candidates/specs/164_spec.mlir
compute_gemm_4096_4096_8192_f8E4M3FNUZ_f32_tB,165,contraction,sharkmi300x-4,gfx942,4096,4096,8192,64,16,32,8,8,0,0,0,"[0, 1]",LLVMGPUVectorDistribute,"PipelineOptionsSearchSpace(prefetch_shared_memory=[True], no_reduce_shared_memory_bank_conflicts=[None], use_igemm_convolution=[None])",[2],,#iree_gpu.mma_layout<MFMA_F32_16x16x32_F8E4M3FNUZ>,32,256,64,256,1,1,1,4,"['--iree-hal-target-device=hip', '--iree-hip-target=gfx942', '--compile-from=executable-sources']",165,True,"['--input=1', '--benchmark_repetitions=3']",True,hip://5,True,360.33,499.67,269.67,1.38668,120,283,163,204,302.06,,tuning_2025_09_29_16_28/candidates/specs/165_spec.mlir
compute_gemm_4096_4096_8192_f8E4M3FNUZ_f32_tB,166,contraction,sharkmi300x-4,gfx942,4096,4096,8192,64,32,16,8,8,0,0,0,"[0, 1]",LLVMGPUVectorDistribute,"PipelineOptionsSearchSpace(prefetch_shared_memory=[True], no_reduce_shared_memory_bank_conflicts=[None], use_igemm_convolution=[None])",[2],,#iree_gpu.mma_layout<MFMA_F32_32x32x16_F8E4M3FNUZ>,256,256,64,256,1,1,1,4,"['--iree-hal-target-device=hip', '--iree-hip-target=gfx942', '--compile-from=executable-sources']",166,True,"['--input=1', '--benchmark_repetitions=3']",True,hip://2,True,357.5,341.0,269.67,0.95385,165,75,90,204,302.06,,tuning_2025_09_29_16_28/candidates/specs/166_spec.mlir
compute_gemm_4096_4096_8192_f8E4M3FNUZ_f32_tB,167,contraction,sharkmi300x-4,gfx942,4096,4096,8192,64,32,16,8,8,0,0,0,"[0, 1]",LLVMGPUVectorDistribute,"PipelineOptionsSearchSpace(prefetch_shared_memory=[True], no_reduce_shared_memory_bank_conflicts=[None], use_igemm_convolution=[None])",[2],,#iree_gpu.mma_layout<MFMA_F32_32x32x16_F8E4M3FNUZ>,256,128,32,64,8,1,8,1,"['--iree-hal-target-device=hip', '--iree-hip-target=gfx942', '--compile-from=executable-sources']",167,True,"['--input=1', '--benchmark_repetitions=3']",True,hip://5,True,360.33,480.0,269.67,1.3321,128,253,125,204,302.06,,tuning_2025_09_29_16_28/candidates/specs/167_spec.mlir
compute_gemm_4096_4096_8192_f8E4M3FNUZ_f32_tB,168,contraction,sharkmi300x-4,gfx942,4096,4096,8192,64,16,32,8,8,0,0,0,"[0, 1]",LLVMGPUVectorDistribute,"PipelineOptionsSearchSpace(prefetch_shared_memory=[True], no_reduce_shared_memory_bank_conflicts=[None], use_igemm_convolution=[None])",[2],,#iree_gpu.mma_layout<MFMA_F32_16x16x32_F8E4M3FNUZ>,512,64,32,64,1,1,1,1,"['--iree-hal-target-device=hip', '--iree-hip-target=gfx942', '--compile-from=executable-sources']",168,True,"['--input=1', '--benchmark_repetitions=3']",True,hip://5,True,360.33,6293.33,269.67,17.46531,252,831,579,204,302.06,,tuning_2025_09_29_16_28/candidates/specs/168_spec.mlir
compute_gemm_4096_4096_8192_f8E4M3FNUZ_f32_tB,169,contraction,sharkmi300x-4,gfx942,4096,4096,8192,64,16,32,8,8,0,0,0,"[0, 1]",LLVMGPUVectorDistribute,"PipelineOptionsSearchSpace(prefetch_shared_memory=[True], no_reduce_shared_memory_bank_conflicts=[None], use_igemm_convolution=[None])",[2],,#iree_gpu.mma_layout<MFMA_F32_16x16x32_F8E4M3FNUZ>,16,128,64,128,1,1,1,2,"['--iree-hal-target-device=hip', '--iree-hip-target=gfx942', '--compile-from=executable-sources']",169,True,"['--input=1', '--benchmark_repetitions=3']",True,hip://2,True,357.5,884.67,269.67,2.47459,123,577,454,204,302.06,,tuning_2025_09_29_16_28/candidates/specs/169_spec.mlir
compute_gemm_4096_4096_8192_f8E4M3FNUZ_f32_tB,170,contraction,sharkmi300x-4,gfx942,4096,4096,8192,64,32,16,8,8,0,0,0,"[0, 1]",LLVMGPUVectorDistribute,"PipelineOptionsSearchSpace(prefetch_shared_memory=[True], no_reduce_shared_memory_bank_conflicts=[None], use_igemm_convolution=[None])",[2],,#iree_gpu.mma_layout<MFMA_F32_32x32x16_F8E4M3FNUZ>,512,512,64,128,4,1,4,2,"['--iree-hal-target-device=hip', '--iree-hip-target=gfx942', '--compile-from=executable-sources']",170,True,"['--input=1', '--benchmark_repetitions=3']",True,hip://6,True,357.33,14500.0,269.67,40.57836,229,921,692,204,302.06,,tuning_2025_09_29_16_28/candidates/specs/170_spec.mlir
compute_gemm_4096_4096_8192_f8E4M3FNUZ_f32_tB,171,contraction,sharkmi300x-4,gfx942,4096,4096,8192,64,32,16,8,8,0,0,0,"[0, 1]",LLVMGPUVectorDistribute,"PipelineOptionsSearchSpace(prefetch_shared_memory=[True], no_reduce_shared_memory_bank_conflicts=[None], use_igemm_convolution=[None])",[2],,#iree_gpu.mma_layout<MFMA_F32_32x32x16_F8E4M3FNUZ>,512,128,32,64,8,1,8,1,"['--iree-hal-target-device=hip', '--iree-hip-target=gfx942', '--compile-from=executable-sources']",171,True,"['--input=1', '--benchmark_repetitions=3']",True,hip://2,True,357.5,505.0,269.67,1.41259,138,297,159,204,302.06,,tuning_2025_09_29_16_28/candidates/specs/171_spec.mlir
compute_gemm_4096_4096_8192_f8E4M3FNUZ_f32_tB,172,contraction,sharkmi300x-4,gfx942,4096,4096,8192,64,16,32,8,8,0,0,0,"[0, 1]",LLVMGPUVectorDistribute,"PipelineOptionsSearchSpace(prefetch_shared_memory=[True], no_reduce_shared_memory_bank_conflicts=[None], use_igemm_convolution=[None])",[2],,#iree_gpu.mma_layout<MFMA_F32_16x16x32_F8E4M3FNUZ>,32,512,64,256,2,1,2,4,"['--iree-hal-target-device=hip', '--iree-hip-target=gfx942', '--compile-from=executable-sources']",172,True,"['--input=1', '--benchmark_repetitions=3']",True,hip://2,True,357.5,711.67,269.67,1.99068,130,494,364,204,302.06,,tuning_2025_09_29_16_28/candidates/specs/172_spec.mlir
compute_gemm_4096_4096_8192_f8E4M3FNUZ_f32_tB,173,contraction,sharkmi300x-4,gfx942,4096,4096,8192,64,16,32,8,8,0,0,0,"[0, 1]",LLVMGPUVectorDistribute,"PipelineOptionsSearchSpace(prefetch_shared_memory=[True], no_reduce_shared_memory_bank_conflicts=[None], use_igemm_convolution=[None])",[2],,#iree_gpu.mma_layout<MFMA_F32_16x16x32_F8E4M3FNUZ>,512,16,32,64,8,1,8,1,"['--iree-hal-target-device=hip', '--iree-hip-target=gfx942', '--compile-from=executable-sources']",173,True,"['--input=1', '--benchmark_repetitions=3']",True,hip://7,True,352.5,1530.0,269.67,4.34043,127,715,588,204,302.06,,tuning_2025_09_29_16_28/candidates/specs/173_spec.mlir
compute_gemm_4096_4096_8192_f8E4M3FNUZ_f32_tB,174,contraction,sharkmi300x-4,gfx942,4096,4096,8192,64,32,16,8,8,0,0,0,"[0, 1]",LLVMGPUVectorDistribute,"PipelineOptionsSearchSpace(prefetch_shared_memory=[True], no_reduce_shared_memory_bank_conflicts=[None], use_igemm_convolution=[None])",[2],,#iree_gpu.mma_layout<MFMA_F32_32x32x16_F8E4M3FNUZ>,512,128,32,128,4,1,4,2,"['--iree-hal-target-device=hip', '--iree-hip-target=gfx942', '--compile-from=executable-sources']",174,True,"['--input=1', '--benchmark_repetitions=3']",True,hip://6,True,357.33,524.0,269.67,1.46642,141,324,183,204,302.06,,tuning_2025_09_29_16_28/candidates/specs/174_spec.mlir
compute_gemm_4096_4096_8192_f8E4M3FNUZ_f32_tB,175,contraction,sharkmi300x-4,gfx942,4096,4096,8192,64,32,16,8,8,0,0,0,"[0, 1]",LLVMGPUVectorDistribute,"PipelineOptionsSearchSpace(prefetch_shared_memory=[True], no_reduce_shared_memory_bank_conflicts=[None], use_igemm_convolution=[None])",[2],,#iree_gpu.mma_layout<MFMA_F32_32x32x16_F8E4M3FNUZ>,256,512,64,64,8,1,8,1,"['--iree-hal-target-device=hip', '--iree-hip-target=gfx942', '--compile-from=executable-sources']",175,True,"['--input=1', '--benchmark_repetitions=3']",True,hip://6,True,357.33,2163.33,269.67,6.0541,173,774,601,204,302.06,,tuning_2025_09_29_16_28/candidates/specs/175_spec.mlir
compute_gemm_4096_4096_8192_f8E4M3FNUZ_f32_tB,176,contraction,sharkmi300x-4,gfx942,4096,4096,8192,64,32,16,8,8,0,0,0,"[0, 1]",LLVMGPUVectorDistribute,"PipelineOptionsSearchSpace(prefetch_shared_memory=[True], no_reduce_shared_memory_bank_conflicts=[None], use_igemm_convolution=[None])",[2],,#iree_gpu.mma_layout<MFMA_F32_32x32x16_F8E4M3FNUZ>,256,512,64,512,1,1,1,8,"['--iree-hal-target-device=hip', '--iree-hip-target=gfx942', '--compile-from=executable-sources']",176,True,"['--input=1', '--benchmark_repetitions=3']",True,hip://7,True,352.5,2350.0,269.67,6.66667,167,781,614,204,302.06,,tuning_2025_09_29_16_28/candidates/specs/176_spec.mlir
compute_gemm_4096_4096_8192_f8E4M3FNUZ_f32_tB,177,contraction,sharkmi300x-4,gfx942,4096,4096,8192,64,32,16,8,8,0,0,0,"[0, 1]",LLVMGPUVectorDistribute,"PipelineOptionsSearchSpace(prefetch_shared_memory=[True], no_reduce_shared_memory_bank_conflicts=[None], use_igemm_convolution=[None])",[2],,#iree_gpu.mma_layout<MFMA_F32_32x32x16_F8E4M3FNUZ>,128,64,32,64,4,1,4,1,"['--iree-hal-target-device=hip', '--iree-hip-target=gfx942', '--compile-from=executable-sources']",177,True,"['--input=1', '--benchmark_repetitions=3']",True,hip://5,True,360.33,747.0,269.67,2.07308,132,514,382,204,302.06,,tuning_2025_09_29_16_28/candidates/specs/177_spec.mlir
compute_gemm_4096_4096_8192_f8E4M3FNUZ_f32_tB,178,contraction,sharkmi300x-4,gfx942,4096,4096,8192,64,16,32,8,8,0,0,0,"[0, 1]",LLVMGPUVectorDistribute,"PipelineOptionsSearchSpace(prefetch_shared_memory=[True], no_reduce_shared_memory_bank_conflicts=[None], use_igemm_convolution=[None])",[2],,#iree_gpu.mma_layout<MFMA_F32_16x16x32_F8E4M3FNUZ>,64,64,512,64,2,1,2,1,"['--iree-hal-target-device=hip', '--iree-hip-target=gfx942', '--compile-from=executable-sources']",178,True,"['--input=1', '--benchmark_repetitions=3']",True,hip://2,True,357.5,1666.67,269.67,4.662,153,725,572,204,302.06,,tuning_2025_09_29_16_28/candidates/specs/178_spec.mlir
compute_gemm_4096_4096_8192_f8E4M3FNUZ_f32_tB,179,contraction,sharkmi300x-4,gfx942,4096,4096,8192,64,16,32,8,8,0,0,0,"[0, 1]",LLVMGPUVectorDistribute,"PipelineOptionsSearchSpace(prefetch_shared_memory=[True], no_reduce_shared_memory_bank_conflicts=[None], use_igemm_convolution=[None])",[2],,#iree_gpu.mma_layout<MFMA_F32_16x16x32_F8E4M3FNUZ>,128,64,256,128,2,1,2,2,"['--iree-hal-target-device=hip', '--iree-hip-target=gfx942', '--compile-from=executable-sources']",179,True,"['--input=1', '--benchmark_repetitions=3']",True,hip://7,True,352.5,416.33,269.67,1.18109,139,196,57,204,302.06,,tuning_2025_09_29_16_28/candidates/specs/179_spec.mlir
compute_gemm_4096_4096_8192_f8E4M3FNUZ_f32_tB,180,contraction,sharkmi300x-4,gfx942,4096,4096,8192,64,16,32,8,8,0,0,0,"[0, 1]",LLVMGPUVectorDistribute,"PipelineOptionsSearchSpace(prefetch_shared_memory=[True], no_reduce_shared_memory_bank_conflicts=[None], use_igemm_convolution=[None])",[2],,#iree_gpu.mma_layout<MFMA_F32_16x16x32_F8E4M3FNUZ>,256,256,32,256,1,1,1,4,"['--iree-hal-target-device=hip', '--iree-hip-target=gfx942', '--compile-from=executable-sources']",180,True,"['--input=1', '--benchmark_repetitions=3']",True,hip://6,True,357.33,1370.0,269.67,3.83396,169,689,520,204,302.06,,tuning_2025_09_29_16_28/candidates/specs/180_spec.mlir
compute_gemm_4096_4096_8192_f8E4M3FNUZ_f32_tB,181,contraction,sharkmi300x-4,gfx942,4096,4096,8192,64,16,32,8,8,0,0,0,"[0, 1]",LLVMGPUVectorDistribute,"PipelineOptionsSearchSpace(prefetch_shared_memory=[True], no_reduce_shared_memory_bank_conflicts=[None], use_igemm_convolution=[None])",[2],,#iree_gpu.mma_layout<MFMA_F32_16x16x32_F8E4M3FNUZ>,512,512,32,256,2,1,2,4,"['--iree-hal-target-device=hip', '--iree-hip-target=gfx942', '--compile-from=executable-sources']",181,True,"['--input=1', '--benchmark_repetitions=3']",True,hip://5,True,360.33,11100.0,269.67,30.80481,248,893,645,204,302.06,,tuning_2025_09_29_16_28/candidates/specs/181_spec.mlir
compute_gemm_4096_4096_8192_f8E4M3FNUZ_f32_tB,182,contraction,sharkmi300x-4,gfx942,4096,4096,8192,64,16,32,8,8,0,0,0,"[0, 1]",LLVMGPUVectorDistribute,"PipelineOptionsSearchSpace(prefetch_shared_memory=[True], no_reduce_shared_memory_bank_conflicts=[None], use_igemm_convolution=[None])",[2],,#iree_gpu.mma_layout<MFMA_F32_16x16x32_F8E4M3FNUZ>,64,512,64,64,1,1,1,1,"['--iree-hal-target-device=hip', '--iree-hip-target=gfx942', '--compile-from=executable-sources']",182,True,"['--input=1', '--benchmark_repetitions=3']",True,hip://5,True,360.33,7420.0,269.67,20.59204,267,847,580,204,302.06,,tuning_2025_09_29_16_28/candidates/specs/182_spec.mlir
compute_gemm_4096_4096_8192_f8E4M3FNUZ_f32_tB,183,contraction,sharkmi300x-4,gfx942,4096,4096,8192,64,16,32,8,8,0,0,0,"[0, 1]",LLVMGPUVectorDistribute,"PipelineOptionsSearchSpace(prefetch_shared_memory=[True], no_reduce_shared_memory_bank_conflicts=[None], use_igemm_convolution=[None])",[2],,#iree_gpu.mma_layout<MFMA_F32_16x16x32_F8E4M3FNUZ>,32,64,32,64,2,1,2,1,"['--iree-hal-target-device=hip', '--iree-hip-target=gfx942', '--compile-from=executable-sources']",183,True,"['--input=1', '--benchmark_repetitions=3']",True,hip://6,True,357.33,1120.0,269.67,3.13433,137,664,527,204,302.06,,tuning_2025_09_29_16_28/candidates/specs/183_spec.mlir
compute_gemm_4096_4096_8192_f8E4M3FNUZ_f32_tB,184,contraction,sharkmi300x-4,gfx942,4096,4096,8192,64,16,32,8,8,0,0,0,"[0, 1]",LLVMGPUVectorDistribute,"PipelineOptionsSearchSpace(prefetch_shared_memory=[True], no_reduce_shared_memory_bank_conflicts=[None], use_igemm_convolution=[None])",[2],,#iree_gpu.mma_layout<MFMA_F32_16x16x32_F8E4M3FNUZ>,128,64,64,128,2,1,2,2,"['--iree-hal-target-device=hip', '--iree-hip-target=gfx942', '--compile-from=executable-sources']",184,True,"['--input=1', '--benchmark_repetitions=3']",True,hip://5,True,360.33,416.33,269.67,1.15541,140,183,43,204,302.06,,tuning_2025_09_29_16_28/candidates/specs/184_spec.mlir
compute_gemm_4096_4096_8192_f8E4M3FNUZ_f32_tB,185,contraction,sharkmi300x-4,gfx942,4096,4096,8192,64,16,32,8,8,0,0,0,"[0, 1]",LLVMGPUVectorDistribute,"PipelineOptionsSearchSpace(prefetch_shared_memory=[True], no_reduce_shared_memory_bank_conflicts=[None], use_igemm_convolution=[None])",[2],,#iree_gpu.mma_layout<MFMA_F32_16x16x32_F8E4M3FNUZ>,512,256,32,256,2,1,2,4,"['--iree-hal-target-device=hip', '--iree-hip-target=gfx942', '--compile-from=executable-sources']",185,True,"['--input=1', '--benchmark_repetitions=3']",True,hip://7,True,352.5,1996.67,269.67,5.6643,175,769,594,204,302.06,,tuning_2025_09_29_16_28/candidates/specs/185_spec.mlir
compute_gemm_4096_4096_8192_f8E4M3FNUZ_f32_tB,186,contraction,sharkmi300x-4,gfx942,4096,4096,8192,64,16,32,8,8,0,0,0,"[0, 1]",LLVMGPUVectorDistribute,"PipelineOptionsSearchSpace(prefetch_shared_memory=[True], no_reduce_shared_memory_bank_conflicts=[None], use_igemm_convolution=[None])",[2],,#iree_gpu.mma_layout<MFMA_F32_16x16x32_F8E4M3FNUZ>,32,128,128,64,1,1,1,1,"['--iree-hal-target-device=hip', '--iree-hip-target=gfx942', '--compile-from=executable-sources']",186,True,"['--input=1', '--benchmark_repetitions=3']",True,hip://5,True,360.33,607.0,269.67,1.68455,152,406,254,204,302.06,,tuning_2025_09_29_16_28/candidates/specs/186_spec.mlir
compute_gemm_4096_4096_8192_f8E4M3FNUZ_f32_tB,187,contraction,sharkmi300x-4,gfx942,4096,4096,8192,64,32,16,8,8,0,0,0,"[0, 1]",LLVMGPUVectorDistribute,"PipelineOptionsSearchSpace(prefetch_shared_memory=[True], no_reduce_shared_memory_bank_conflicts=[None], use_igemm_convolution=[None])",[2],,#iree_gpu.mma_layout<MFMA_F32_32x32x16_F8E4M3FNUZ>,64,64,256,64,2,1,2,1,"['--iree-hal-target-device=hip', '--iree-hip-target=gfx942', '--compile-from=executable-sources']",187,True,"['--input=1', '--benchmark_repetitions=3']",True,hip://7,True,352.5,593.0,269.67,1.68227,147,405,258,204,302.06,,tuning_2025_09_29_16_28/candidates/specs/187_spec.mlir
compute_gemm_4096_4096_8192_f8E4M3FNUZ_f32_tB,188,contraction,sharkmi300x-4,gfx942,4096,4096,8192,64,32,16,8,8,0,0,0,"[0, 1]",LLVMGPUVectorDistribute,"PipelineOptionsSearchSpace(prefetch_shared_memory=[True], no_reduce_shared_memory_bank_conflicts=[None], use_igemm_convolution=[None])",[2],,#iree_gpu.mma_layout<MFMA_F32_32x32x16_F8E4M3FNUZ>,256,256,32,256,2,1,2,4,"['--iree-hal-target-device=hip', '--iree-hip-target=gfx942', '--compile-from=executable-sources']",188,True,"['--input=1', '--benchmark_repetitions=3']",True,hip://2,True,357.5,321.0,269.67,0.8979,157,42,115,204,302.06,,tuning_2025_09_29_16_28/candidates/specs/188_spec.mlir
compute_gemm_4096_4096_8192_f8E4M3FNUZ_f32_tB,189,contraction,sharkmi300x-4,gfx942,4096,4096,8192,64,16,32,8,8,0,0,0,"[0, 1]",LLVMGPUVectorDistribute,"PipelineOptionsSearchSpace(prefetch_shared_memory=[True], no_reduce_shared_memory_bank_conflicts=[None], use_igemm_convolution=[None])",[2],,#iree_gpu.mma_layout<MFMA_F32_16x16x32_F8E4M3FNUZ>,512,256,64,256,1,1,1,4,"['--iree-hal-target-device=hip', '--iree-hip-target=gfx942', '--compile-from=executable-sources']",189,True,"['--input=1', '--benchmark_repetitions=3']",True,hip://6,True,357.33,6170.0,269.67,17.26679,297,828,531,204,302.06,,tuning_2025_09_29_16_28/candidates/specs/189_spec.mlir
compute_gemm_4096_4096_8192_f8E4M3FNUZ_f32_tB,190,contraction,sharkmi300x-4,gfx942,4096,4096,8192,64,16,32,8,8,0,0,0,"[0, 1]",LLVMGPUVectorDistribute,"PipelineOptionsSearchSpace(prefetch_shared_memory=[True], no_reduce_shared_memory_bank_conflicts=[None], use_igemm_convolution=[None])",[2],,#iree_gpu.mma_layout<MFMA_F32_16x16x32_F8E4M3FNUZ>,128,128,256,64,8,1,8,1,"['--iree-hal-target-device=hip', '--iree-hip-target=gfx942', '--compile-from=executable-sources']",190,True,"['--input=1', '--benchmark_repetitions=3']",True,hip://5,True,360.33,2540.0,269.67,7.04903,156,787,631,204,302.06,,tuning_2025_09_29_16_28/candidates/specs/190_spec.mlir
compute_gemm_4096_4096_8192_f8E4M3FNUZ_f32_tB,191,contraction,sharkmi300x-4,gfx942,4096,4096,8192,64,16,32,8,8,0,0,0,"[0, 1]",LLVMGPUVectorDistribute,"PipelineOptionsSearchSpace(prefetch_shared_memory=[True], no_reduce_shared_memory_bank_conflicts=[None], use_igemm_convolution=[None])",[2],,#iree_gpu.mma_layout<MFMA_F32_16x16x32_F8E4M3FNUZ>,64,128,32,128,2,1,2,2,"['--iree-hal-target-device=hip', '--iree-hip-target=gfx942', '--compile-from=executable-sources']",191,True,"['--input=1', '--benchmark_repetitions=3']",True,hip://7,True,352.5,647.0,269.67,1.83546,143,461,318,204,302.06,,tuning_2025_09_29_16_28/candidates/specs/191_spec.mlir
compute_gemm_4096_4096_8192_f8E4M3FNUZ_f32_tB,192,contraction,sharkmi300x-4,gfx942,4096,4096,8192,64,16,32,8,8,0,0,0,"[0, 1]",LLVMGPUVectorDistribute,"PipelineOptionsSearchSpace(prefetch_shared_memory=[True], no_reduce_shared_memory_bank_conflicts=[None], use_igemm_convolution=[None])",[2],,#iree_gpu.mma_layout<MFMA_F32_16x16x32_F8E4M3FNUZ>,16,256,64,256,1,1,1,4,"['--iree-hal-target-device=hip', '--iree-hip-target=gfx942', '--compile-from=executable-sources']",192,True,"['--input=1', '--benchmark_repetitions=3']",True,hip://2,True,357.5,822.0,269.67,2.2993,142,541,399,204,302.06,,tuning_2025_09_29_16_28/candidates/specs/192_spec.mlir
compute_gemm_4096_4096_8192_f8E4M3FNUZ_f32_tB,193,contraction,sharkmi300x-4,gfx942,4096,4096,8192,64,32,16,8,8,0,0,0,"[0, 1]",LLVMGPUVectorDistribute,"PipelineOptionsSearchSpace(prefetch_shared_memory=[True], no_reduce_shared_memory_bank_conflicts=[None], use_igemm_convolution=[None])",[2],,#iree_gpu.mma_layout<MFMA_F32_32x32x16_F8E4M3FNUZ>,256,128,128,64,1,1,1,1,"['--iree-hal-target-device=hip', '--iree-hip-target=gfx942', '--compile-from=executable-sources']",193,True,"['--input=1', '--benchmark_repetitions=3']",True,hip://2,True,357.5,9476.67,269.67,26.50816,328,881,553,204,302.06,,tuning_2025_09_29_16_28/candidates/specs/193_spec.mlir
compute_gemm_4096_4096_8192_f8E4M3FNUZ_f32_tB,194,contraction,sharkmi300x-4,gfx942,4096,4096,8192,64,32,16,8,8,0,0,0,"[0, 1]",LLVMGPUVectorDistribute,"PipelineOptionsSearchSpace(prefetch_shared_memory=[True], no_reduce_shared_memory_bank_conflicts=[None], use_igemm_convolution=[None])",[2],,#iree_gpu.mma_layout<MFMA_F32_32x32x16_F8E4M3FNUZ>,128,32,32,64,1,1,1,1,"['--iree-hal-target-device=hip', '--iree-hip-target=gfx942', '--compile-from=executable-sources']",194,True,"['--input=1', '--benchmark_repetitions=3']",True,hip://5,True,360.33,1360.0,269.67,3.77428,148,688,540,204,302.06,,tuning_2025_09_29_16_28/candidates/specs/194_spec.mlir
compute_gemm_4096_4096_8192_f8E4M3FNUZ_f32_tB,195,contraction,sharkmi300x-4,gfx942,4096,4096,8192,64,16,32,8,8,0,0,0,"[0, 1]",LLVMGPUVectorDistribute,"PipelineOptionsSearchSpace(prefetch_shared_memory=[True], no_reduce_shared_memory_bank_conflicts=[None], use_igemm_convolution=[None])",[2],,#iree_gpu.mma_layout<MFMA_F32_16x16x32_F8E4M3FNUZ>,256,64,64,64,8,1,8,1,"['--iree-hal-target-device=hip', '--iree-hip-target=gfx942', '--compile-from=executable-sources']",195,True,"['--input=1', '--benchmark_repetitions=3']",True,hip://6,True,357.33,416.0,269.67,1.16418,145,186,41,204,302.06,,tuning_2025_09_29_16_28/candidates/specs/195_spec.mlir
compute_gemm_4096_4096_8192_f8E4M3FNUZ_f32_tB,196,contraction,sharkmi300x-4,gfx942,4096,4096,8192,64,16,32,8,8,0,0,0,"[0, 1]",LLVMGPUVectorDistribute,"PipelineOptionsSearchSpace(prefetch_shared_memory=[True], no_reduce_shared_memory_bank_conflicts=[None], use_igemm_convolution=[None])",[2],,#iree_gpu.mma_layout<MFMA_F32_16x16x32_F8E4M3FNUZ>,16,256,64,64,1,1,1,1,"['--iree-hal-target-device=hip', '--iree-hip-target=gfx942', '--compile-from=executable-sources']",196,True,"['--input=1', '--benchmark_repetitions=3']",True,hip://7,True,352.5,876.0,269.67,2.48511,159,580,421,204,302.06,,tuning_2025_09_29_16_28/candidates/specs/196_spec.mlir
compute_gemm_4096_4096_8192_f8E4M3FNUZ_f32_tB,197,contraction,sharkmi300x-4,gfx942,4096,4096,8192,64,16,32,8,8,0,0,0,"[0, 1]",LLVMGPUVectorDistribute,"PipelineOptionsSearchSpace(prefetch_shared_memory=[True], no_reduce_shared_memory_bank_conflicts=[None], use_igemm_convolution=[None])",[2],,#iree_gpu.mma_layout<MFMA_F32_16x16x32_F8E4M3FNUZ>,32,64,256,64,1,1,1,1,"['--iree-hal-target-device=hip', '--iree-hip-target=gfx942', '--compile-from=executable-sources']",197,True,"['--input=1', '--benchmark_repetitions=3']",True,hip://6,True,357.33,637.0,269.67,1.78265,158,427,269,204,302.06,,tuning_2025_09_29_16_28/candidates/specs/197_spec.mlir
compute_gemm_4096_4096_8192_f8E4M3FNUZ_f32_tB,198,contraction,sharkmi300x-4,gfx942,4096,4096,8192,64,16,32,8,8,0,0,0,"[0, 1]",LLVMGPUVectorDistribute,"PipelineOptionsSearchSpace(prefetch_shared_memory=[True], no_reduce_shared_memory_bank_conflicts=[None], use_igemm_convolution=[None])",[2],,#iree_gpu.mma_layout<MFMA_F32_16x16x32_F8E4M3FNUZ>,256,64,128,64,2,1,2,1,"['--iree-hal-target-device=hip', '--iree-hip-target=gfx942', '--compile-from=executable-sources']",198,True,"['--input=1', '--benchmark_repetitions=3']",True,hip://2,True,357.5,650.67,269.67,1.82005,178,450,272,204,302.06,,tuning_2025_09_29_16_28/candidates/specs/198_spec.mlir
compute_gemm_4096_4096_8192_f8E4M3FNUZ_f32_tB,199,contraction,sharkmi300x-4,gfx942,4096,4096,8192,64,32,16,8,8,0,0,0,"[0, 1]",LLVMGPUVectorDistribute,"PipelineOptionsSearchSpace(prefetch_shared_memory=[True], no_reduce_shared_memory_bank_conflicts=[None], use_igemm_convolution=[None])",[2],,#iree_gpu.mma_layout<MFMA_F32_32x32x16_F8E4M3FNUZ>,256,128,128,128,1,1,1,2,"['--iree-hal-target-device=hip', '--iree-hip-target=gfx942', '--compile-from=executable-sources']",199,True,"['--input=1', '--benchmark_repetitions=3']",True,hip://2,True,357.5,491.0,269.67,1.37343,226,276,50,204,302.06,,tuning_2025_09_29_16_28/candidates/specs/199_spec.mlir
compute_gemm_4096_4096_8192_f8E4M3FNUZ_f32_tB,200,contraction,sharkmi300x-4,gfx942,4096,4096,8192,64,32,16,8,8,0,0,0,"[0, 1]",LLVMGPUVectorDistribute,"PipelineOptionsSearchSpace(prefetch_shared_memory=[True], no_reduce_shared_memory_bank_conflicts=[None], use_igemm_convolution=[None])",[2],,#iree_gpu.mma_layout<MFMA_F32_32x32x16_F8E4M3FNUZ>,256,128,64,128,4,1,4,2,"['--iree-hal-target-device=hip', '--iree-hip-target=gfx942', '--compile-from=executable-sources']",200,True,"['--input=1', '--benchmark_repetitions=3']",True,hip://5,True,360.33,313.67,269.67,0.87049,160,24,136,204,302.06,,tuning_2025_09_29_16_28/candidates/specs/200_spec.mlir
compute_gemm_4096_4096_8192_f8E4M3FNUZ_f32_tB,201,contraction,sharkmi300x-4,gfx942,4096,4096,8192,64,16,32,8,8,0,0,0,"[0, 1]",LLVMGPUVectorDistribute,"PipelineOptionsSearchSpace(prefetch_shared_memory=[True], no_reduce_shared_memory_bank_conflicts=[None], use_igemm_convolution=[None])",[2],,#iree_gpu.mma_layout<MFMA_F32_16x16x32_F8E4M3FNUZ>,64,128,64,64,1,1,1,1,"['--iree-hal-target-device=hip', '--iree-hip-target=gfx942', '--compile-from=executable-sources']",201,True,"['--input=1', '--benchmark_repetitions=3']",True,hip://7,True,352.5,443.33,269.67,1.25768,171,221,50,204,302.06,,tuning_2025_09_29_16_28/candidates/specs/201_spec.mlir
compute_gemm_4096_4096_8192_f8E4M3FNUZ_f32_tB,202,contraction,sharkmi300x-4,gfx942,4096,4096,8192,64,16,32,8,8,0,0,0,"[0, 1]",LLVMGPUVectorDistribute,"PipelineOptionsSearchSpace(prefetch_shared_memory=[True], no_reduce_shared_memory_bank_conflicts=[None], use_igemm_convolution=[None])",[2],,#iree_gpu.mma_layout<MFMA_F32_16x16x32_F8E4M3FNUZ>,128,512,32,128,2,1,2,2,"['--iree-hal-target-device=hip', '--iree-hip-target=gfx942', '--compile-from=executable-sources']",202,True,"['--input=1', '--benchmark_repetitions=3']",True,hip://2,True,357.5,1973.33,269.67,5.51981,190,766,576,204,302.06,,tuning_2025_09_29_16_28/candidates/specs/202_spec.mlir
compute_gemm_4096_4096_8192_f8E4M3FNUZ_f32_tB,203,contraction,sharkmi300x-4,gfx942,4096,4096,8192,64,32,16,8,8,0,0,0,"[0, 1]",LLVMGPUVectorDistribute,"PipelineOptionsSearchSpace(prefetch_shared_memory=[True], no_reduce_shared_memory_bank_conflicts=[None], use_igemm_convolution=[None])",[2],,#iree_gpu.mma_layout<MFMA_F32_32x32x16_F8E4M3FNUZ>,512,128,64,64,8,1,8,1,"['--iree-hal-target-device=hip', '--iree-hip-target=gfx942', '--compile-from=executable-sources']",203,True,"['--input=1', '--benchmark_repetitions=3']",True,hip://5,True,360.33,333.33,269.67,0.92507,172,60,112,204,302.06,,tuning_2025_09_29_16_28/candidates/specs/203_spec.mlir
compute_gemm_4096_4096_8192_f8E4M3FNUZ_f32_tB,204,contraction,sharkmi300x-4,gfx942,4096,4096,8192,64,16,32,8,8,0,0,0,"[0, 1]",LLVMGPUVectorDistribute,"PipelineOptionsSearchSpace(prefetch_shared_memory=[True], no_reduce_shared_memory_bank_conflicts=[None], use_igemm_convolution=[None])",[2],,#iree_gpu.mma_layout<MFMA_F32_16x16x32_F8E4M3FNUZ>,512,256,64,64,8,1,8,1,"['--iree-hal-target-device=hip', '--iree-hip-target=gfx942', '--compile-from=executable-sources']",204,True,"['--input=1', '--benchmark_repetitions=3']",True,hip://5,True,360.33,2993.33,269.67,8.30712,200,798,598,204,302.06,,tuning_2025_09_29_16_28/candidates/specs/204_spec.mlir
compute_gemm_4096_4096_8192_f8E4M3FNUZ_f32_tB,205,contraction,sharkmi300x-4,gfx942,4096,4096,8192,64,32,16,8,8,0,0,0,"[0, 1]",LLVMGPUVectorDistribute,"PipelineOptionsSearchSpace(prefetch_shared_memory=[True], no_reduce_shared_memory_bank_conflicts=[None], use_igemm_convolution=[None])",[2],,#iree_gpu.mma_layout<MFMA_F32_32x32x16_F8E4M3FNUZ>,64,128,256,64,2,1,2,1,"['--iree-hal-target-device=hip', '--iree-hip-target=gfx942', '--compile-from=executable-sources']",205,True,"['--input=1', '--benchmark_repetitions=3']",True,hip://6,True,357.33,522.33,269.67,1.46175,181,320,139,204,302.06,,tuning_2025_09_29_16_28/candidates/specs/205_spec.mlir
compute_gemm_4096_4096_8192_f8E4M3FNUZ_f32_tB,206,contraction,sharkmi300x-4,gfx942,4096,4096,8192,64,16,32,8,8,0,0,0,"[0, 1]",LLVMGPUVectorDistribute,"PipelineOptionsSearchSpace(prefetch_shared_memory=[True], no_reduce_shared_memory_bank_conflicts=[None], use_igemm_convolution=[None])",[2],,#iree_gpu.mma_layout<MFMA_F32_16x16x32_F8E4M3FNUZ>,128,16,128,64,1,1,1,1,"['--iree-hal-target-device=hip', '--iree-hip-target=gfx942', '--compile-from=executable-sources']",206,True,"['--input=1', '--benchmark_repetitions=3']",True,hip://6,True,357.33,643.0,269.67,1.79944,166,436,270,204,302.06,,tuning_2025_09_29_16_28/candidates/specs/206_spec.mlir
compute_gemm_4096_4096_8192_f8E4M3FNUZ_f32_tB,207,contraction,sharkmi300x-4,gfx942,4096,4096,8192,64,32,16,8,8,0,0,0,"[0, 1]",LLVMGPUVectorDistribute,"PipelineOptionsSearchSpace(prefetch_shared_memory=[True], no_reduce_shared_memory_bank_conflicts=[None], use_igemm_convolution=[None])",[2],,#iree_gpu.mma_layout<MFMA_F32_32x32x16_F8E4M3FNUZ>,512,128,64,128,2,1,2,2,"['--iree-hal-target-device=hip', '--iree-hip-target=gfx942', '--compile-from=executable-sources']",207,True,"['--input=1', '--benchmark_repetitions=3']",True,hip://2,True,357.5,394.33,269.67,1.10303,210,150,60,204,302.06,,tuning_2025_09_29_16_28/candidates/specs/207_spec.mlir
compute_gemm_4096_4096_8192_f8E4M3FNUZ_f32_tB,208,contraction,sharkmi300x-4,gfx942,4096,4096,8192,64,16,32,8,8,0,0,0,"[0, 1]",LLVMGPUVectorDistribute,"PipelineOptionsSearchSpace(prefetch_shared_memory=[True], no_reduce_shared_memory_bank_conflicts=[None], use_igemm_convolution=[None])",[2],,#iree_gpu.mma_layout<MFMA_F32_16x16x32_F8E4M3FNUZ>,16,256,128,256,1,1,1,4,"['--iree-hal-target-device=hip', '--iree-hip-target=gfx942', '--compile-from=executable-sources']",208,True,"['--input=1', '--benchmark_repetitions=3']",True,hip://7,True,352.5,858.0,269.67,2.43404,163,571,408,204,302.06,,tuning_2025_09_29_16_28/candidates/specs/208_spec.mlir
compute_gemm_4096_4096_8192_f8E4M3FNUZ_f32_tB,209,contraction,sharkmi300x-4,gfx942,4096,4096,8192,64,32,16,8,8,0,0,0,"[0, 1]",LLVMGPUVectorDistribute,"PipelineOptionsSearchSpace(prefetch_shared_memory=[True], no_reduce_shared_memory_bank_conflicts=[None], use_igemm_convolution=[None])",[2],,#iree_gpu.mma_layout<MFMA_F32_32x32x16_F8E4M3FNUZ>,512,512,64,256,2,1,2,4,"['--iree-hal-target-device=hip', '--iree-hip-target=gfx942', '--compile-from=executable-sources']",209,True,"['--input=1', '--benchmark_repetitions=3']",True,hip://5,True,360.33,12500.0,269.67,34.6901,271,907,636,204,302.06,,tuning_2025_09_29_16_28/candidates/specs/209_spec.mlir
compute_gemm_4096_4096_8192_f8E4M3FNUZ_f32_tB,210,contraction,sharkmi300x-4,gfx942,4096,4096,8192,64,16,32,8,8,0,0,0,"[0, 1]",LLVMGPUVectorDistribute,"PipelineOptionsSearchSpace(prefetch_shared_memory=[True], no_reduce_shared_memory_bank_conflicts=[None], use_igemm_convolution=[None])",[2],,#iree_gpu.mma_layout<MFMA_F32_16x16x32_F8E4M3FNUZ>,512,256,64,64,2,1,2,1,"['--iree-hal-target-device=hip', '--iree-hip-target=gfx942', '--compile-from=executable-sources']",210,True,"['--input=1', '--benchmark_repetitions=3']",True,hip://2,True,357.5,14800.0,269.67,41.3986,628,923,295,204,302.06,,tuning_2025_09_29_16_28/candidates/specs/210_spec.mlir
compute_gemm_4096_4096_8192_f8E4M3FNUZ_f32_tB,211,contraction,sharkmi300x-4,gfx942,4096,4096,8192,64,16,32,8,8,0,0,0,"[0, 1]",LLVMGPUVectorDistribute,"PipelineOptionsSearchSpace(prefetch_shared_memory=[True], no_reduce_shared_memory_bank_conflicts=[None], use_igemm_convolution=[None])",[2],,#iree_gpu.mma_layout<MFMA_F32_16x16x32_F8E4M3FNUZ>,64,256,128,256,2,1,2,4,"['--iree-hal-target-device=hip', '--iree-hip-target=gfx942', '--compile-from=executable-sources']",211,True,"['--input=1', '--benchmark_repetitions=3']",True,hip://5,True,360.33,376.67,269.67,1.04533,168,118,50,204,302.06,,tuning_2025_09_29_16_28/candidates/specs/211_spec.mlir
compute_gemm_4096_4096_8192_f8E4M3FNUZ_f32_tB,212,contraction,sharkmi300x-4,gfx942,4096,4096,8192,64,32,16,8,8,0,0,0,"[0, 1]",LLVMGPUVectorDistribute,"PipelineOptionsSearchSpace(prefetch_shared_memory=[True], no_reduce_shared_memory_bank_conflicts=[None], use_igemm_convolution=[None])",[2],,#iree_gpu.mma_layout<MFMA_F32_32x32x16_F8E4M3FNUZ>,128,512,64,128,2,1,2,2,"['--iree-hal-target-device=hip', '--iree-hip-target=gfx942', '--compile-from=executable-sources']",212,True,"['--input=1', '--benchmark_repetitions=3']",True,hip://6,True,357.33,374.33,269.67,1.04757,216,120,96,204,302.06,,tuning_2025_09_29_16_28/candidates/specs/212_spec.mlir
compute_gemm_4096_4096_8192_f8E4M3FNUZ_f32_tB,213,contraction,sharkmi300x-4,gfx942,4096,4096,8192,64,32,16,8,8,0,0,0,"[0, 1]",LLVMGPUVectorDistribute,"PipelineOptionsSearchSpace(prefetch_shared_memory=[True], no_reduce_shared_memory_bank_conflicts=[None], use_igemm_convolution=[None])",[2],,#iree_gpu.mma_layout<MFMA_F32_32x32x16_F8E4M3FNUZ>,256,256,32,64,2,1,2,1,"['--iree-hal-target-device=hip', '--iree-hip-target=gfx942', '--compile-from=executable-sources']",213,True,"['--input=1', '--benchmark_repetitions=3']",True,hip://2,True,357.5,8370.0,269.67,23.41259,274,866,592,204,302.06,,tuning_2025_09_29_16_28/candidates/specs/213_spec.mlir
compute_gemm_4096_4096_8192_f8E4M3FNUZ_f32_tB,214,contraction,sharkmi300x-4,gfx942,4096,4096,8192,64,16,32,8,8,0,0,0,"[0, 1]",LLVMGPUVectorDistribute,"PipelineOptionsSearchSpace(prefetch_shared_memory=[True], no_reduce_shared_memory_bank_conflicts=[None], use_igemm_convolution=[None])",[2],,#iree_gpu.mma_layout<MFMA_F32_16x16x32_F8E4M3FNUZ>,64,64,512,64,4,1,4,1,"['--iree-hal-target-device=hip', '--iree-hip-target=gfx942', '--compile-from=executable-sources']",214,True,"['--input=1', '--benchmark_repetitions=3']",True,hip://7,True,352.5,2540.0,269.67,7.20567,183,791,608,204,302.06,,tuning_2025_09_29_16_28/candidates/specs/214_spec.mlir
compute_gemm_4096_4096_8192_f8E4M3FNUZ_f32_tB,215,contraction,sharkmi300x-4,gfx942,4096,4096,8192,64,16,32,8,8,0,0,0,"[0, 1]",LLVMGPUVectorDistribute,"PipelineOptionsSearchSpace(prefetch_shared_memory=[True], no_reduce_shared_memory_bank_conflicts=[None], use_igemm_convolution=[None])",[2],,#iree_gpu.mma_layout<MFMA_F32_16x16x32_F8E4M3FNUZ>,64,64,128,64,1,1,1,1,"['--iree-hal-target-device=hip', '--iree-hip-target=gfx942', '--compile-from=executable-sources']",215,True,"['--input=1', '--benchmark_repetitions=3']",True,hip://5,True,360.33,450.33,269.67,1.24977,180,216,36,204,302.06,,tuning_2025_09_29_16_28/candidates/specs/215_spec.mlir
compute_gemm_4096_4096_8192_f8E4M3FNUZ_f32_tB,216,contraction,sharkmi300x-4,gfx942,4096,4096,8192,64,32,16,8,8,0,0,0,"[0, 1]",LLVMGPUVectorDistribute,"PipelineOptionsSearchSpace(prefetch_shared_memory=[True], no_reduce_shared_memory_bank_conflicts=[None], use_igemm_convolution=[None])",[2],,#iree_gpu.mma_layout<MFMA_F32_32x32x16_F8E4M3FNUZ>,256,512,64,128,4,1,4,2,"['--iree-hal-target-device=hip', '--iree-hip-target=gfx942', '--compile-from=executable-sources']",216,True,"['--input=1', '--benchmark_repetitions=3']",True,hip://7,True,352.5,3730.0,269.67,10.58156,211,809,598,204,302.06,,tuning_2025_09_29_16_28/candidates/specs/216_spec.mlir
compute_gemm_4096_4096_8192_f8E4M3FNUZ_f32_tB,217,contraction,sharkmi300x-4,gfx942,4096,4096,8192,64,32,16,8,8,0,0,0,"[0, 1]",LLVMGPUVectorDistribute,"PipelineOptionsSearchSpace(prefetch_shared_memory=[True], no_reduce_shared_memory_bank_conflicts=[None], use_igemm_convolution=[None])",[2],,#iree_gpu.mma_layout<MFMA_F32_32x32x16_F8E4M3FNUZ>,256,64,64,64,2,1,2,1,"['--iree-hal-target-device=hip', '--iree-hip-target=gfx942', '--compile-from=executable-sources']",217,True,"['--input=1', '--benchmark_repetitions=3']",True,hip://5,True,360.33,408.67,269.67,1.13414,188,166,22,204,302.06,,tuning_2025_09_29_16_28/candidates/specs/217_spec.mlir
compute_gemm_4096_4096_8192_f8E4M3FNUZ_f32_tB,218,contraction,sharkmi300x-4,gfx942,4096,4096,8192,64,16,32,8,8,0,0,0,"[0, 1]",LLVMGPUVectorDistribute,"PipelineOptionsSearchSpace(prefetch_shared_memory=[True], no_reduce_shared_memory_bank_conflicts=[None], use_igemm_convolution=[None])",[2],,#iree_gpu.mma_layout<MFMA_F32_16x16x32_F8E4M3FNUZ>,64,512,32,64,1,1,1,1,"['--iree-hal-target-device=hip', '--iree-hip-target=gfx942', '--compile-from=executable-sources']",218,True,"['--input=1', '--benchmark_repetitions=3']",True,hip://6,True,357.33,7246.67,269.67,20.27985,289,846,557,204,302.06,,tuning_2025_09_29_16_28/candidates/specs/218_spec.mlir
compute_gemm_4096_4096_8192_f8E4M3FNUZ_f32_tB,219,contraction,sharkmi300x-4,gfx942,4096,4096,8192,64,16,32,8,8,0,0,0,"[0, 1]",LLVMGPUVectorDistribute,"PipelineOptionsSearchSpace(prefetch_shared_memory=[True], no_reduce_shared_memory_bank_conflicts=[None], use_igemm_convolution=[None])",[2],,#iree_gpu.mma_layout<MFMA_F32_16x16x32_F8E4M3FNUZ>,256,32,128,128,2,1,2,2,"['--iree-hal-target-device=hip', '--iree-hip-target=gfx942', '--compile-from=executable-sources']",219,True,"['--input=1', '--benchmark_repetitions=3']",True,hip://7,True,352.5,573.67,269.67,1.62742,179,393,214,204,302.06,,tuning_2025_09_29_16_28/candidates/specs/219_spec.mlir
compute_gemm_4096_4096_8192_f8E4M3FNUZ_f32_tB,220,contraction,sharkmi300x-4,gfx942,4096,4096,8192,64,32,16,8,8,0,0,0,"[0, 1]",LLVMGPUVectorDistribute,"PipelineOptionsSearchSpace(prefetch_shared_memory=[True], no_reduce_shared_memory_bank_conflicts=[None], use_igemm_convolution=[None])",[2],,#iree_gpu.mma_layout<MFMA_F32_32x32x16_F8E4M3FNUZ>,128,128,128,64,1,1,1,1,"['--iree-hal-target-device=hip', '--iree-hip-target=gfx942', '--compile-from=executable-sources']",220,True,"['--input=1', '--benchmark_repetitions=3']",True,hip://5,True,360.33,775.0,269.67,2.15079,240,527,287,204,302.06,,tuning_2025_09_29_16_28/candidates/specs/220_spec.mlir
compute_gemm_4096_4096_8192_f8E4M3FNUZ_f32_tB,221,contraction,sharkmi300x-4,gfx942,4096,4096,8192,64,16,32,8,8,0,0,0,"[0, 1]",LLVMGPUVectorDistribute,"PipelineOptionsSearchSpace(prefetch_shared_memory=[True], no_reduce_shared_memory_bank_conflicts=[None], use_igemm_convolution=[None])",[2],,#iree_gpu.mma_layout<MFMA_F32_16x16x32_F8E4M3FNUZ>,128,64,32,64,2,1,2,1,"['--iree-hal-target-device=hip', '--iree-hip-target=gfx942', '--compile-from=executable-sources']",221,True,"['--input=1', '--benchmark_repetitions=3']",True,hip://5,True,360.33,778.67,269.67,2.16096,176,528,352,204,302.06,,tuning_2025_09_29_16_28/candidates/specs/221_spec.mlir
compute_gemm_4096_4096_8192_f8E4M3FNUZ_f32_tB,222,contraction,sharkmi300x-4,gfx942,4096,4096,8192,64,16,32,8,8,0,0,0,"[0, 1]",LLVMGPUVectorDistribute,"PipelineOptionsSearchSpace(prefetch_shared_memory=[True], no_reduce_shared_memory_bank_conflicts=[None], use_igemm_convolution=[None])",[2],,#iree_gpu.mma_layout<MFMA_F32_16x16x32_F8E4M3FNUZ>,32,256,128,64,2,1,2,1,"['--iree-hal-target-device=hip', '--iree-hip-target=gfx942', '--compile-from=executable-sources']",222,True,"['--input=1', '--benchmark_repetitions=3']",True,hip://5,True,360.33,743.0,269.67,2.06198,193,510,317,204,302.06,,tuning_2025_09_29_16_28/candidates/specs/222_spec.mlir
compute_gemm_4096_4096_8192_f8E4M3FNUZ_f32_tB,223,contraction,sharkmi300x-4,gfx942,4096,4096,8192,64,16,32,8,8,0,0,0,"[0, 1]",LLVMGPUVectorDistribute,"PipelineOptionsSearchSpace(prefetch_shared_memory=[True], no_reduce_shared_memory_bank_conflicts=[None], use_igemm_convolution=[None])",[2],,#iree_gpu.mma_layout<MFMA_F32_16x16x32_F8E4M3FNUZ>,128,32,64,64,1,1,1,1,"['--iree-hal-target-device=hip', '--iree-hip-target=gfx942', '--compile-from=executable-sources']",223,True,"['--input=1', '--benchmark_repetitions=3']",True,hip://6,True,357.33,596.0,269.67,1.66791,185,402,217,204,302.06,,tuning_2025_09_29_16_28/candidates/specs/223_spec.mlir
compute_gemm_4096_4096_8192_f8E4M3FNUZ_f32_tB,224,contraction,sharkmi300x-4,gfx942,4096,4096,8192,64,32,16,8,8,0,0,0,"[0, 1]",LLVMGPUVectorDistribute,"PipelineOptionsSearchSpace(prefetch_shared_memory=[True], no_reduce_shared_memory_bank_conflicts=[None], use_igemm_convolution=[None])",[2],,#iree_gpu.mma_layout<MFMA_F32_32x32x16_F8E4M3FNUZ>,64,64,32,64,2,1,2,1,"['--iree-hal-target-device=hip', '--iree-hip-target=gfx942', '--compile-from=executable-sources']",224,True,"['--input=1', '--benchmark_repetitions=3']",True,hip://6,True,357.33,868.33,269.67,2.43004,177,569,392,204,302.06,,tuning_2025_09_29_16_28/candidates/specs/224_spec.mlir
compute_gemm_4096_4096_8192_f8E4M3FNUZ_f32_tB,225,contraction,sharkmi300x-4,gfx942,4096,4096,8192,64,16,32,8,8,0,0,0,"[0, 1]",LLVMGPUVectorDistribute,"PipelineOptionsSearchSpace(prefetch_shared_memory=[True], no_reduce_shared_memory_bank_conflicts=[None], use_igemm_convolution=[None])",[2],,#iree_gpu.mma_layout<MFMA_F32_16x16x32_F8E4M3FNUZ>,128,512,64,64,8,1,8,1,"['--iree-hal-target-device=hip', '--iree-hip-target=gfx942', '--compile-from=executable-sources']",225,True,"['--input=1', '--benchmark_repetitions=3']",True,hip://7,True,352.5,378.0,269.67,1.07234,203,133,70,204,302.06,,tuning_2025_09_29_16_28/candidates/specs/225_spec.mlir
compute_gemm_4096_4096_8192_f8E4M3FNUZ_f32_tB,226,contraction,sharkmi300x-4,gfx942,4096,4096,8192,64,32,16,8,8,0,0,0,"[0, 1]",LLVMGPUVectorDistribute,"PipelineOptionsSearchSpace(prefetch_shared_memory=[True], no_reduce_shared_memory_bank_conflicts=[None], use_igemm_convolution=[None])",[2],,#iree_gpu.mma_layout<MFMA_F32_32x32x16_F8E4M3FNUZ>,512,128,32,128,1,1,1,2,"['--iree-hal-target-device=hip', '--iree-hip-target=gfx942', '--compile-from=executable-sources']",226,True,"['--input=1', '--benchmark_repetitions=3']",True,hip://2,True,357.5,9870.0,269.67,27.60839,295,885,590,204,302.06,,tuning_2025_09_29_16_28/candidates/specs/226_spec.mlir
compute_gemm_4096_4096_8192_f8E4M3FNUZ_f32_tB,227,contraction,sharkmi300x-4,gfx942,4096,4096,8192,64,32,16,8,8,0,0,0,"[0, 1]",LLVMGPUVectorDistribute,"PipelineOptionsSearchSpace(prefetch_shared_memory=[True], no_reduce_shared_memory_bank_conflicts=[None], use_igemm_convolution=[None])",[2],,#iree_gpu.mma_layout<MFMA_F32_32x32x16_F8E4M3FNUZ>,256,128,64,256,1,1,1,4,"['--iree-hal-target-device=hip', '--iree-hip-target=gfx942', '--compile-from=executable-sources']",227,True,"['--input=1', '--benchmark_repetitions=3']",True,hip://2,True,357.5,316.0,269.67,0.88392,198,31,167,204,302.06,,tuning_2025_09_29_16_28/candidates/specs/227_spec.mlir
compute_gemm_4096_4096_8192_f8E4M3FNUZ_f32_tB,228,contraction,sharkmi300x-4,gfx942,4096,4096,8192,64,32,16,8,8,0,0,0,"[0, 1]",LLVMGPUVectorDistribute,"PipelineOptionsSearchSpace(prefetch_shared_memory=[True], no_reduce_shared_memory_bank_conflicts=[None], use_igemm_convolution=[None])",[2],,#iree_gpu.mma_layout<MFMA_F32_32x32x16_F8E4M3FNUZ>,128,64,64,128,4,1,4,2,"['--iree-hal-target-device=hip', '--iree-hip-target=gfx942', '--compile-from=executable-sources']",228,True,"['--input=1', '--benchmark_repetitions=3']",True,hip://5,True,360.33,420.0,269.67,1.16559,184,187,3,204,302.06,,tuning_2025_09_29_16_28/candidates/specs/228_spec.mlir
compute_gemm_4096_4096_8192_f8E4M3FNUZ_f32_tB,229,contraction,sharkmi300x-4,gfx942,4096,4096,8192,64,16,32,8,8,0,0,0,"[0, 1]",LLVMGPUVectorDistribute,"PipelineOptionsSearchSpace(prefetch_shared_memory=[True], no_reduce_shared_memory_bank_conflicts=[None], use_igemm_convolution=[None])",[2],,#iree_gpu.mma_layout<MFMA_F32_16x16x32_F8E4M3FNUZ>,512,128,64,64,8,1,8,1,"['--iree-hal-target-device=hip', '--iree-hip-target=gfx942', '--compile-from=executable-sources']",229,True,"['--input=1', '--benchmark_repetitions=3']",True,hip://2,True,357.5,307.67,269.67,0.86061,202,20,182,204,302.06,,tuning_2025_09_29_16_28/candidates/specs/229_spec.mlir
compute_gemm_4096_4096_8192_f8E4M3FNUZ_f32_tB,230,contraction,sharkmi300x-4,gfx942,4096,4096,8192,64,16,32,8,8,0,0,0,"[0, 1]",LLVMGPUVectorDistribute,"PipelineOptionsSearchSpace(prefetch_shared_memory=[True], no_reduce_shared_memory_bank_conflicts=[None], use_igemm_convolution=[None])",[2],,#iree_gpu.mma_layout<MFMA_F32_16x16x32_F8E4M3FNUZ>,256,256,128,256,1,1,1,4,"['--iree-hal-target-device=hip', '--iree-hip-target=gfx942', '--compile-from=executable-sources']",230,True,"['--input=1', '--benchmark_repetitions=3']",True,hip://6,True,357.33,1046.67,269.67,2.9291,269,652,383,204,302.06,,tuning_2025_09_29_16_28/candidates/specs/230_spec.mlir
compute_gemm_4096_4096_8192_f8E4M3FNUZ_f32_tB,231,contraction,sharkmi300x-4,gfx942,4096,4096,8192,64,16,32,8,8,0,0,0,"[0, 1]",LLVMGPUVectorDistribute,"PipelineOptionsSearchSpace(prefetch_shared_memory=[True], no_reduce_shared_memory_bank_conflicts=[None], use_igemm_convolution=[None])",[2],,#iree_gpu.mma_layout<MFMA_F32_16x16x32_F8E4M3FNUZ>,16,512,64,64,1,1,1,1,"['--iree-hal-target-device=hip', '--iree-hip-target=gfx942', '--compile-from=executable-sources']",231,True,"['--input=1', '--benchmark_repetitions=3']",True,hip://2,True,357.5,1853.33,269.67,5.18415,222,751,529,204,302.06,,tuning_2025_09_29_16_28/candidates/specs/231_spec.mlir
compute_gemm_4096_4096_8192_f8E4M3FNUZ_f32_tB,232,contraction,sharkmi300x-4,gfx942,4096,4096,8192,64,32,16,8,8,0,0,0,"[0, 1]",LLVMGPUVectorDistribute,"PipelineOptionsSearchSpace(prefetch_shared_memory=[True], no_reduce_shared_memory_bank_conflicts=[None], use_igemm_convolution=[None])",[2],,#iree_gpu.mma_layout<MFMA_F32_32x32x16_F8E4M3FNUZ>,256,64,64,64,4,1,4,1,"['--iree-hal-target-device=hip', '--iree-hip-target=gfx942', '--compile-from=executable-sources']",232,True,"['--input=1', '--benchmark_repetitions=3']",True,hip://6,True,357.33,393.67,269.67,1.10168,192,145,47,204,302.06,,tuning_2025_09_29_16_28/candidates/specs/232_spec.mlir
compute_gemm_4096_4096_8192_f8E4M3FNUZ_f32_tB,233,contraction,sharkmi300x-4,gfx942,4096,4096,8192,64,16,32,8,8,0,0,0,"[0, 1]",LLVMGPUVectorDistribute,"PipelineOptionsSearchSpace(prefetch_shared_memory=[True], no_reduce_shared_memory_bank_conflicts=[None], use_igemm_convolution=[None])",[2],,#iree_gpu.mma_layout<MFMA_F32_16x16x32_F8E4M3FNUZ>,256,128,64,64,1,1,1,1,"['--iree-hal-target-device=hip', '--iree-hip-target=gfx942', '--compile-from=executable-sources']",233,True,"['--input=1', '--benchmark_repetitions=3']",True,hip://5,True,360.33,6626.67,269.67,18.39038,413,836,423,204,302.06,,tuning_2025_09_29_16_28/candidates/specs/233_spec.mlir
compute_gemm_4096_4096_8192_f8E4M3FNUZ_f32_tB,234,contraction,sharkmi300x-4,gfx942,4096,4096,8192,64,16,32,8,8,0,0,0,"[0, 1]",LLVMGPUVectorDistribute,"PipelineOptionsSearchSpace(prefetch_shared_memory=[True], no_reduce_shared_memory_bank_conflicts=[None], use_igemm_convolution=[None])",[2],,#iree_gpu.mma_layout<MFMA_F32_16x16x32_F8E4M3FNUZ>,512,64,32,256,2,1,2,4,"['--iree-hal-target-device=hip', '--iree-hip-target=gfx942', '--compile-from=executable-sources']",234,True,"['--input=1', '--benchmark_repetitions=3']",True,hip://2,True,357.5,655.67,269.67,1.83403,194,459,265,204,302.06,,tuning_2025_09_29_16_28/candidates/specs/234_spec.mlir
compute_gemm_4096_4096_8192_f8E4M3FNUZ_f32_tB,235,contraction,sharkmi300x-4,gfx942,4096,4096,8192,64,32,16,8,8,0,0,0,"[0, 1]",LLVMGPUVectorDistribute,"PipelineOptionsSearchSpace(prefetch_shared_memory=[True], no_reduce_shared_memory_bank_conflicts=[None], use_igemm_convolution=[None])",[2],,#iree_gpu.mma_layout<MFMA_F32_32x32x16_F8E4M3FNUZ>,32,512,64,128,1,1,1,2,"['--iree-hal-target-device=hip', '--iree-hip-target=gfx942', '--compile-from=executable-sources']",235,True,"['--input=1', '--benchmark_repetitions=3']",True,hip://5,True,360.33,855.0,269.67,2.3728,213,558,345,204,302.06,,tuning_2025_09_29_16_28/candidates/specs/235_spec.mlir
compute_gemm_4096_4096_8192_f8E4M3FNUZ_f32_tB,236,contraction,sharkmi300x-4,gfx942,4096,4096,8192,64,32,16,8,8,0,0,0,"[0, 1]",LLVMGPUVectorDistribute,"PipelineOptionsSearchSpace(prefetch_shared_memory=[True], no_reduce_shared_memory_bank_conflicts=[None], use_igemm_convolution=[None])",[2],,#iree_gpu.mma_layout<MFMA_F32_32x32x16_F8E4M3FNUZ>,64,32,512,64,2,1,2,1,"['--iree-hal-target-device=hip', '--iree-hip-target=gfx942', '--compile-from=executable-sources']",236,True,"['--input=1', '--benchmark_repetitions=3']",True,hip://6,True,357.33,776.67,269.67,2.17351,205,532,327,204,302.06,,tuning_2025_09_29_16_28/candidates/specs/236_spec.mlir
compute_gemm_4096_4096_8192_f8E4M3FNUZ_f32_tB,237,contraction,sharkmi300x-4,gfx942,4096,4096,8192,64,32,16,8,8,0,0,0,"[0, 1]",LLVMGPUVectorDistribute,"PipelineOptionsSearchSpace(prefetch_shared_memory=[True], no_reduce_shared_memory_bank_conflicts=[None], use_igemm_convolution=[None])",[2],,#iree_gpu.mma_layout<MFMA_F32_32x32x16_F8E4M3FNUZ>,512,128,32,128,2,1,2,2,"['--iree-hal-target-device=hip', '--iree-hip-target=gfx942', '--compile-from=executable-sources']",237,True,"['--input=1', '--benchmark_repetitions=3']",True,hip://6,True,357.33,1860.0,269.67,5.20522,237,753,516,204,302.06,,tuning_2025_09_29_16_28/candidates/specs/237_spec.mlir
compute_gemm_4096_4096_8192_f8E4M3FNUZ_f32_tB,238,contraction,sharkmi300x-4,gfx942,4096,4096,8192,64,16,32,8,8,0,0,0,"[0, 1]",LLVMGPUVectorDistribute,"PipelineOptionsSearchSpace(prefetch_shared_memory=[True], no_reduce_shared_memory_bank_conflicts=[None], use_igemm_convolution=[None])",[2],,#iree_gpu.mma_layout<MFMA_F32_16x16x32_F8E4M3FNUZ>,128,256,32,128,1,1,1,2,"['--iree-hal-target-device=hip', '--iree-hip-target=gfx942', '--compile-from=executable-sources']",238,True,"['--input=1', '--benchmark_repetitions=3']",True,hip://6,True,357.33,1713.33,269.67,4.79478,233,732,499,204,302.06,,tuning_2025_09_29_16_28/candidates/specs/238_spec.mlir
compute_gemm_4096_4096_8192_f8E4M3FNUZ_f32_tB,239,contraction,sharkmi300x-4,gfx942,4096,4096,8192,64,32,16,8,8,0,0,0,"[0, 1]",LLVMGPUVectorDistribute,"PipelineOptionsSearchSpace(prefetch_shared_memory=[True], no_reduce_shared_memory_bank_conflicts=[None], use_igemm_convolution=[None])",[2],,#iree_gpu.mma_layout<MFMA_F32_32x32x16_F8E4M3FNUZ>,128,128,32,128,2,1,2,2,"['--iree-hal-target-device=hip', '--iree-hip-target=gfx942', '--compile-from=executable-sources']",239,True,"['--input=1', '--benchmark_repetitions=3']",True,hip://6,True,357.33,550.67,269.67,1.54104,197,370,173,204,302.06,,tuning_2025_09_29_16_28/candidates/specs/239_spec.mlir
compute_gemm_4096_4096_8192_f8E4M3FNUZ_f32_tB,240,contraction,sharkmi300x-4,gfx942,4096,4096,8192,64,16,32,8,8,0,0,0,"[0, 1]",LLVMGPUVectorDistribute,"PipelineOptionsSearchSpace(prefetch_shared_memory=[True], no_reduce_shared_memory_bank_conflicts=[None], use_igemm_convolution=[None])",[2],,#iree_gpu.mma_layout<MFMA_F32_16x16x32_F8E4M3FNUZ>,128,256,64,64,4,1,4,1,"['--iree-hal-target-device=hip', '--iree-hip-target=gfx942', '--compile-from=executable-sources']",240,True,"['--input=1', '--benchmark_repetitions=3']",True,hip://2,True,357.5,318.67,269.67,0.89138,214,36,178,204,302.06,,tuning_2025_09_29_16_28/candidates/specs/240_spec.mlir
compute_gemm_4096_4096_8192_f8E4M3FNUZ_f32_tB,241,contraction,sharkmi300x-4,gfx942,4096,4096,8192,64,16,32,8,8,0,0,0,"[0, 1]",LLVMGPUVectorDistribute,"PipelineOptionsSearchSpace(prefetch_shared_memory=[True], no_reduce_shared_memory_bank_conflicts=[None], use_igemm_convolution=[None])",[2],,#iree_gpu.mma_layout<MFMA_F32_16x16x32_F8E4M3FNUZ>,64,256,32,64,1,1,1,1,"['--iree-hal-target-device=hip', '--iree-hip-target=gfx942', '--compile-from=executable-sources']",241,True,"['--input=1', '--benchmark_repetitions=3']",True,hip://2,True,357.5,3270.0,269.67,9.14685,238,803,565,204,302.06,,tuning_2025_09_29_16_28/candidates/specs/241_spec.mlir
compute_gemm_4096_4096_8192_f8E4M3FNUZ_f32_tB,242,contraction,sharkmi300x-4,gfx942,4096,4096,8192,64,32,16,8,8,0,0,0,"[0, 1]",LLVMGPUVectorDistribute,"PipelineOptionsSearchSpace(prefetch_shared_memory=[True], no_reduce_shared_memory_bank_conflicts=[None], use_igemm_convolution=[None])",[2],,#iree_gpu.mma_layout<MFMA_F32_32x32x16_F8E4M3FNUZ>,128,256,64,256,2,1,2,4,"['--iree-hal-target-device=hip', '--iree-hip-target=gfx942', '--compile-from=executable-sources']",242,True,"['--input=1', '--benchmark_repetitions=3']",True,hip://5,True,360.33,269.67,269.67,0.74838,204,1,203,204,302.06,411.7,tuning_2025_09_29_16_28/candidates/specs/242_spec.mlir
compute_gemm_4096_4096_8192_f8E4M3FNUZ_f32_tB,243,contraction,sharkmi300x-4,gfx942,4096,4096,8192,64,16,32,8,8,0,0,0,"[0, 1]",LLVMGPUVectorDistribute,"PipelineOptionsSearchSpace(prefetch_shared_memory=[True], no_reduce_shared_memory_bank_conflicts=[None], use_igemm_convolution=[None])",[2],,#iree_gpu.mma_layout<MFMA_F32_16x16x32_F8E4M3FNUZ>,64,32,256,64,2,1,2,1,"['--iree-hal-target-device=hip', '--iree-hip-target=gfx942', '--compile-from=executable-sources']",243,True,"['--input=1', '--benchmark_repetitions=3']",True,hip://7,True,352.5,487.0,269.67,1.38156,199,280,81,204,302.06,,tuning_2025_09_29_16_28/candidates/specs/243_spec.mlir
compute_gemm_4096_4096_8192_f8E4M3FNUZ_f32_tB,244,contraction,sharkmi300x-4,gfx942,4096,4096,8192,64,16,32,8,8,0,0,0,"[0, 1]",LLVMGPUVectorDistribute,"PipelineOptionsSearchSpace(prefetch_shared_memory=[True], no_reduce_shared_memory_bank_conflicts=[None], use_igemm_convolution=[None])",[2],,#iree_gpu.mma_layout<MFMA_F32_16x16x32_F8E4M3FNUZ>,512,128,64,128,1,1,1,2,"['--iree-hal-target-device=hip', '--iree-hip-target=gfx942', '--compile-from=executable-sources']",244,True,"['--input=1', '--benchmark_repetitions=3']",True,hip://2,True,357.5,5543.33,269.67,15.50583,351,820,469,204,302.06,,tuning_2025_09_29_16_28/candidates/specs/244_spec.mlir
compute_gemm_4096_4096_8192_f8E4M3FNUZ_f32_tB,245,contraction,sharkmi300x-4,gfx942,4096,4096,8192,64,32,16,8,8,0,0,0,"[0, 1]",LLVMGPUVectorDistribute,"PipelineOptionsSearchSpace(prefetch_shared_memory=[True], no_reduce_shared_memory_bank_conflicts=[None], use_igemm_convolution=[None])",[2],,#iree_gpu.mma_layout<MFMA_F32_32x32x16_F8E4M3FNUZ>,64,512,64,64,1,1,1,1,"['--iree-hal-target-device=hip', '--iree-hip-target=gfx942', '--compile-from=executable-sources']",245,True,"['--input=1', '--benchmark_repetitions=3']",True,hip://7,True,352.5,15166.67,269.67,43.026,352,926,574,204,302.06,,tuning_2025_09_29_16_28/candidates/specs/245_spec.mlir
compute_gemm_4096_4096_8192_f8E4M3FNUZ_f32_tB,246,contraction,sharkmi300x-4,gfx942,4096,4096,8192,64,32,16,8,8,0,0,0,"[0, 1]",LLVMGPUVectorDistribute,"PipelineOptionsSearchSpace(prefetch_shared_memory=[True], no_reduce_shared_memory_bank_conflicts=[None], use_igemm_convolution=[None])",[2],,#iree_gpu.mma_layout<MFMA_F32_32x32x16_F8E4M3FNUZ>,256,256,32,128,4,1,4,2,"['--iree-hal-target-device=hip', '--iree-hip-target=gfx942', '--compile-from=executable-sources']",246,True,"['--input=1', '--benchmark_repetitions=3']",True,hip://5,True,360.33,327.33,269.67,0.90842,217,50,167,204,302.06,,tuning_2025_09_29_16_28/candidates/specs/246_spec.mlir
compute_gemm_4096_4096_8192_f8E4M3FNUZ_f32_tB,247,contraction,sharkmi300x-4,gfx942,4096,4096,8192,64,32,16,8,8,0,0,0,"[0, 1]",LLVMGPUVectorDistribute,"PipelineOptionsSearchSpace(prefetch_shared_memory=[True], no_reduce_shared_memory_bank_conflicts=[None], use_igemm_convolution=[None])",[2],,#iree_gpu.mma_layout<MFMA_F32_32x32x16_F8E4M3FNUZ>,64,64,64,64,1,1,1,1,"['--iree-hal-target-device=hip', '--iree-hip-target=gfx942', '--compile-from=executable-sources']",247,True,"['--input=1', '--benchmark_repetitions=3']",True,hip://7,True,352.5,470.0,269.67,1.33333,207,254,47,204,302.06,,tuning_2025_09_29_16_28/candidates/specs/247_spec.mlir
compute_gemm_4096_4096_8192_f8E4M3FNUZ_f32_tB,248,contraction,sharkmi300x-4,gfx942,4096,4096,8192,64,32,16,8,8,0,0,0,"[0, 1]",LLVMGPUVectorDistribute,"PipelineOptionsSearchSpace(prefetch_shared_memory=[True], no_reduce_shared_memory_bank_conflicts=[None], use_igemm_convolution=[None])",[2],,#iree_gpu.mma_layout<MFMA_F32_32x32x16_F8E4M3FNUZ>,256,128,128,256,1,1,1,4,"['--iree-hal-target-device=hip', '--iree-hip-target=gfx942', '--compile-from=executable-sources']",248,True,"['--input=1', '--benchmark_repetitions=3']",True,hip://5,True,360.33,370.33,269.67,1.02775,232,109,123,204,302.06,,tuning_2025_09_29_16_28/candidates/specs/248_spec.mlir
compute_gemm_4096_4096_8192_f8E4M3FNUZ_f32_tB,249,contraction,sharkmi300x-4,gfx942,4096,4096,8192,64,16,32,8,8,0,0,0,"[0, 1]",LLVMGPUVectorDistribute,"PipelineOptionsSearchSpace(prefetch_shared_memory=[True], no_reduce_shared_memory_bank_conflicts=[None], use_igemm_convolution=[None])",[2],,#iree_gpu.mma_layout<MFMA_F32_16x16x32_F8E4M3FNUZ>,64,256,32,128,2,1,2,2,"['--iree-hal-target-device=hip', '--iree-hip-target=gfx942', '--compile-from=executable-sources']",249,True,"['--input=1', '--benchmark_repetitions=3']",True,hip://6,True,357.33,540.67,269.67,1.51306,208,354,146,204,302.06,,tuning_2025_09_29_16_28/candidates/specs/249_spec.mlir
compute_gemm_4096_4096_8192_f8E4M3FNUZ_f32_tB,250,contraction,sharkmi300x-4,gfx942,4096,4096,8192,64,16,32,8,8,0,0,0,"[0, 1]",LLVMGPUVectorDistribute,"PipelineOptionsSearchSpace(prefetch_shared_memory=[True], no_reduce_shared_memory_bank_conflicts=[None], use_igemm_convolution=[None])",[2],,#iree_gpu.mma_layout<MFMA_F32_16x16x32_F8E4M3FNUZ>,64,512,64,256,2,1,2,4,"['--iree-hal-target-device=hip', '--iree-hip-target=gfx942', '--compile-from=executable-sources']",250,True,"['--input=1', '--benchmark_repetitions=3']",True,hip://5,True,360.33,464.0,269.67,1.2877,209,231,22,204,302.06,,tuning_2025_09_29_16_28/candidates/specs/250_spec.mlir
compute_gemm_4096_4096_8192_f8E4M3FNUZ_f32_tB,251,contraction,sharkmi300x-4,gfx942,4096,4096,8192,64,16,32,8,8,0,0,0,"[0, 1]",LLVMGPUVectorDistribute,"PipelineOptionsSearchSpace(prefetch_shared_memory=[True], no_reduce_shared_memory_bank_conflicts=[None], use_igemm_convolution=[None])",[2],,#iree_gpu.mma_layout<MFMA_F32_16x16x32_F8E4M3FNUZ>,128,16,32,64,8,1,8,1,"['--iree-hal-target-device=hip', '--iree-hip-target=gfx942', '--compile-from=executable-sources']",251,True,"['--input=1', '--benchmark_repetitions=3']",True,hip://2,True,357.5,1780.0,269.67,4.97902,206,739,533,204,302.06,,tuning_2025_09_29_16_28/candidates/specs/251_spec.mlir
compute_gemm_4096_4096_8192_f8E4M3FNUZ_f32_tB,252,contraction,sharkmi300x-4,gfx942,4096,4096,8192,64,32,16,8,8,0,0,0,"[0, 1]",LLVMGPUVectorDistribute,"PipelineOptionsSearchSpace(prefetch_shared_memory=[True], no_reduce_shared_memory_bank_conflicts=[None], use_igemm_convolution=[None])",[2],,#iree_gpu.mma_layout<MFMA_F32_32x32x16_F8E4M3FNUZ>,128,256,64,64,1,1,1,1,"['--iree-hal-target-device=hip', '--iree-hip-target=gfx942', '--compile-from=executable-sources']",252,True,"['--input=1', '--benchmark_repetitions=3']",True,hip://7,True,352.5,9530.0,269.67,27.03546,348,883,535,204,302.06,,tuning_2025_09_29_16_28/candidates/specs/252_spec.mlir
compute_gemm_4096_4096_8192_f8E4M3FNUZ_f32_tB,253,contraction,sharkmi300x-4,gfx942,4096,4096,8192,64,32,16,8,8,0,0,0,"[0, 1]",LLVMGPUVectorDistribute,"PipelineOptionsSearchSpace(prefetch_shared_memory=[True], no_reduce_shared_memory_bank_conflicts=[None], use_igemm_convolution=[None])",[2],,#iree_gpu.mma_layout<MFMA_F32_32x32x16_F8E4M3FNUZ>,256,256,128,64,2,1,2,1,"['--iree-hal-target-device=hip', '--iree-hip-target=gfx942', '--compile-from=executable-sources']",253,True,"['--input=1', '--benchmark_repetitions=3']",True,hip://2,True,357.5,8220.0,269.67,22.99301,395,865,470,204,302.06,,tuning_2025_09_29_16_28/candidates/specs/253_spec.mlir
compute_gemm_4096_4096_8192_f8E4M3FNUZ_f32_tB,254,contraction,sharkmi300x-4,gfx942,4096,4096,8192,64,16,32,8,8,0,0,0,"[0, 1]",LLVMGPUVectorDistribute,"PipelineOptionsSearchSpace(prefetch_shared_memory=[True], no_reduce_shared_memory_bank_conflicts=[None], use_igemm_convolution=[None])",[2],,#iree_gpu.mma_layout<MFMA_F32_16x16x32_F8E4M3FNUZ>,64,128,64,128,1,1,1,2,"['--iree-hal-target-device=hip', '--iree-hip-target=gfx942', '--compile-from=executable-sources']",254,True,"['--input=1', '--benchmark_repetitions=3']",True,hip://2,True,357.5,423.0,269.67,1.18322,218,197,21,204,302.06,,tuning_2025_09_29_16_28/candidates/specs/254_spec.mlir
compute_gemm_4096_4096_8192_f8E4M3FNUZ_f32_tB,255,contraction,sharkmi300x-4,gfx942,4096,4096,8192,64,32,16,8,8,0,0,0,"[0, 1]",LLVMGPUVectorDistribute,"PipelineOptionsSearchSpace(prefetch_shared_memory=[True], no_reduce_shared_memory_bank_conflicts=[None], use_igemm_convolution=[None])",[2],,#iree_gpu.mma_layout<MFMA_F32_32x32x16_F8E4M3FNUZ>,256,256,32,128,1,1,1,2,"['--iree-hal-target-device=hip', '--iree-hip-target=gfx942', '--compile-from=executable-sources']",255,True,"['--input=1', '--benchmark_repetitions=3']",True,hip://5,True,360.33,7856.67,269.67,21.80389,310,857,547,204,302.06,,tuning_2025_09_29_16_28/candidates/specs/255_spec.mlir
compute_gemm_4096_4096_8192_f8E4M3FNUZ_f32_tB,256,contraction,sharkmi300x-4,gfx942,4096,4096,8192,64,32,16,8,8,0,0,0,"[0, 1]",LLVMGPUVectorDistribute,"PipelineOptionsSearchSpace(prefetch_shared_memory=[True], no_reduce_shared_memory_bank_conflicts=[None], use_igemm_convolution=[None])",[2],,#iree_gpu.mma_layout<MFMA_F32_32x32x16_F8E4M3FNUZ>,64,512,64,256,2,1,2,4,"['--iree-hal-target-device=hip', '--iree-hip-target=gfx942', '--compile-from=executable-sources']",256,True,"['--input=1', '--benchmark_repetitions=3']",True,hip://5,True,360.33,495.0,269.67,1.37373,221,277,56,204,302.06,,tuning_2025_09_29_16_28/candidates/specs/256_spec.mlir
compute_gemm_4096_4096_8192_f8E4M3FNUZ_f32_tB,257,contraction,sharkmi300x-4,gfx942,4096,4096,8192,64,32,16,8,8,0,0,0,"[0, 1]",LLVMGPUVectorDistribute,"PipelineOptionsSearchSpace(prefetch_shared_memory=[True], no_reduce_shared_memory_bank_conflicts=[None], use_igemm_convolution=[None])",[2],,#iree_gpu.mma_layout<MFMA_F32_32x32x16_F8E4M3FNUZ>,64,256,64,128,2,1,2,2,"['--iree-hal-target-device=hip', '--iree-hip-target=gfx942', '--compile-from=executable-sources']",257,True,"['--input=1', '--benchmark_repetitions=3']",True,hip://6,True,357.33,365.33,269.67,1.02239,220,107,113,204,302.06,,tuning_2025_09_29_16_28/candidates/specs/257_spec.mlir
compute_gemm_4096_4096_8192_f8E4M3FNUZ_f32_tB,258,contraction,sharkmi300x-4,gfx942,4096,4096,8192,64,16,32,8,8,0,0,0,"[0, 1]",LLVMGPUVectorDistribute,"PipelineOptionsSearchSpace(prefetch_shared_memory=[True], no_reduce_shared_memory_bank_conflicts=[None], use_igemm_convolution=[None])",[2],,#iree_gpu.mma_layout<MFMA_F32_16x16x32_F8E4M3FNUZ>,512,64,32,64,4,1,4,1,"['--iree-hal-target-device=hip', '--iree-hip-target=gfx942', '--compile-from=executable-sources']",258,True,"['--input=1', '--benchmark_repetitions=3']",True,hip://5,True,360.33,721.33,269.67,2.00185,236,499,263,204,302.06,,tuning_2025_09_29_16_28/candidates/specs/258_spec.mlir
compute_gemm_4096_4096_8192_f8E4M3FNUZ_f32_tB,259,contraction,sharkmi300x-4,gfx942,4096,4096,8192,64,16,32,8,8,0,0,0,"[0, 1]",LLVMGPUVectorDistribute,"PipelineOptionsSearchSpace(prefetch_shared_memory=[True], no_reduce_shared_memory_bank_conflicts=[None], use_igemm_convolution=[None])",[2],,#iree_gpu.mma_layout<MFMA_F32_16x16x32_F8E4M3FNUZ>,512,256,64,512,1,1,1,8,"['--iree-hal-target-device=hip', '--iree-hip-target=gfx942', '--compile-from=executable-sources']",259,True,"['--input=1', '--benchmark_repetitions=3']",True,hip://2,True,357.5,1666.67,269.67,4.662,270,726,456,204,302.06,,tuning_2025_09_29_16_28/candidates/specs/259_spec.mlir
compute_gemm_4096_4096_8192_f8E4M3FNUZ_f32_tB,260,contraction,sharkmi300x-4,gfx942,4096,4096,8192,64,16,32,8,8,0,0,0,"[0, 1]",LLVMGPUVectorDistribute,"PipelineOptionsSearchSpace(prefetch_shared_memory=[True], no_reduce_shared_memory_bank_conflicts=[None], use_igemm_convolution=[None])",[2],,#iree_gpu.mma_layout<MFMA_F32_16x16x32_F8E4M3FNUZ>,64,256,64,128,4,1,4,2,"['--iree-hal-target-device=hip', '--iree-hip-target=gfx942', '--compile-from=executable-sources']",260,True,"['--input=1', '--benchmark_repetitions=3']",True,hip://6,True,357.33,394.0,269.67,1.10261,224,149,75,204,302.06,,tuning_2025_09_29_16_28/candidates/specs/260_spec.mlir
compute_gemm_4096_4096_8192_f8E4M3FNUZ_f32_tB,261,contraction,sharkmi300x-4,gfx942,4096,4096,8192,64,16,32,8,8,0,0,0,"[0, 1]",LLVMGPUVectorDistribute,"PipelineOptionsSearchSpace(prefetch_shared_memory=[True], no_reduce_shared_memory_bank_conflicts=[None], use_igemm_convolution=[None])",[2],,#iree_gpu.mma_layout<MFMA_F32_16x16x32_F8E4M3FNUZ>,64,32,32,64,2,1,2,1,"['--iree-hal-target-device=hip', '--iree-hip-target=gfx942', '--compile-from=executable-sources']",261,True,"['--input=1', '--benchmark_repetitions=3']",True,hip://7,True,352.5,1193.33,269.67,3.38534,219,677,458,204,302.06,,tuning_2025_09_29_16_28/candidates/specs/261_spec.mlir
compute_gemm_4096_4096_8192_f8E4M3FNUZ_f32_tB,262,contraction,sharkmi300x-4,gfx942,4096,4096,8192,64,16,32,8,8,0,0,0,"[0, 1]",LLVMGPUVectorDistribute,"PipelineOptionsSearchSpace(prefetch_shared_memory=[True], no_reduce_shared_memory_bank_conflicts=[None], use_igemm_convolution=[None])",[2],,#iree_gpu.mma_layout<MFMA_F32_16x16x32_F8E4M3FNUZ>,256,512,64,64,2,1,2,1,"['--iree-hal-target-device=hip', '--iree-hip-target=gfx942', '--compile-from=executable-sources']",262,True,"['--input=1', '--benchmark_repetitions=3']",True,hip://6,True,357.33,6030.0,269.67,16.875,532,826,294,204,302.06,,tuning_2025_09_29_16_28/candidates/specs/262_spec.mlir
compute_gemm_4096_4096_8192_f8E4M3FNUZ_f32_tB,263,contraction,sharkmi300x-4,gfx942,4096,4096,8192,64,16,32,8,8,0,0,0,"[0, 1]",LLVMGPUVectorDistribute,"PipelineOptionsSearchSpace(prefetch_shared_memory=[True], no_reduce_shared_memory_bank_conflicts=[None], use_igemm_convolution=[None])",[2],,#iree_gpu.mma_layout<MFMA_F32_16x16x32_F8E4M3FNUZ>,16,512,32,256,1,1,1,4,"['--iree-hal-target-device=hip', '--iree-hip-target=gfx942', '--compile-from=executable-sources']",263,True,"['--input=1', '--benchmark_repetitions=3']",True,hip://7,True,352.5,1503.33,269.67,4.26478,223,710,487,204,302.06,,tuning_2025_09_29_16_28/candidates/specs/263_spec.mlir
compute_gemm_4096_4096_8192_f8E4M3FNUZ_f32_tB,264,contraction,sharkmi300x-4,gfx942,4096,4096,8192,64,16,32,8,8,0,0,0,"[0, 1]",LLVMGPUVectorDistribute,"PipelineOptionsSearchSpace(prefetch_shared_memory=[True], no_reduce_shared_memory_bank_conflicts=[None], use_igemm_convolution=[None])",[2],,#iree_gpu.mma_layout<MFMA_F32_16x16x32_F8E4M3FNUZ>,32,256,128,128,2,1,2,2,"['--iree-hal-target-device=hip', '--iree-hip-target=gfx942', '--compile-from=executable-sources']",264,True,"['--input=1', '--benchmark_repetitions=3']",True,hip://5,True,360.33,574.67,269.67,1.59482,228,383,155,204,302.06,,tuning_2025_09_29_16_28/candidates/specs/264_spec.mlir
compute_gemm_4096_4096_8192_f8E4M3FNUZ_f32_tB,265,contraction,sharkmi300x-4,gfx942,4096,4096,8192,64,16,32,8,8,0,0,0,"[0, 1]",LLVMGPUVectorDistribute,"PipelineOptionsSearchSpace(prefetch_shared_memory=[True], no_reduce_shared_memory_bank_conflicts=[None], use_igemm_convolution=[None])",[2],,#iree_gpu.mma_layout<MFMA_F32_16x16x32_F8E4M3FNUZ>,32,512,64,128,2,1,2,2,"['--iree-hal-target-device=hip', '--iree-hip-target=gfx942', '--compile-from=executable-sources']",265,True,"['--input=1', '--benchmark_repetitions=3']",True,hip://2,True,357.5,745.67,269.67,2.08578,231,518,287,204,302.06,,tuning_2025_09_29_16_28/candidates/specs/265_spec.mlir
compute_gemm_4096_4096_8192_f8E4M3FNUZ_f32_tB,266,contraction,sharkmi300x-4,gfx942,4096,4096,8192,64,16,32,8,8,0,0,0,"[0, 1]",LLVMGPUVectorDistribute,"PipelineOptionsSearchSpace(prefetch_shared_memory=[True], no_reduce_shared_memory_bank_conflicts=[None], use_igemm_convolution=[None])",[2],,#iree_gpu.mma_layout<MFMA_F32_16x16x32_F8E4M3FNUZ>,128,256,64,64,8,1,8,1,"['--iree-hal-target-device=hip', '--iree-hip-target=gfx942', '--compile-from=executable-sources']",266,True,"['--input=1', '--benchmark_repetitions=3']",True,hip://7,True,352.5,356.67,269.67,1.01182,230,102,128,204,302.06,,tuning_2025_09_29_16_28/candidates/specs/266_spec.mlir
compute_gemm_4096_4096_8192_f8E4M3FNUZ_f32_tB,267,contraction,sharkmi300x-4,gfx942,4096,4096,8192,64,16,32,8,8,0,0,0,"[0, 1]",LLVMGPUVectorDistribute,"PipelineOptionsSearchSpace(prefetch_shared_memory=[True], no_reduce_shared_memory_bank_conflicts=[None], use_igemm_convolution=[None])",[2],,#iree_gpu.mma_layout<MFMA_F32_16x16x32_F8E4M3FNUZ>,128,64,32,64,1,1,1,1,"['--iree-hal-target-device=hip', '--iree-hip-target=gfx942', '--compile-from=executable-sources']",267,True,"['--input=1', '--benchmark_repetitions=3']",True,hip://7,True,352.5,891.33,269.67,2.52861,239,586,347,204,302.06,,tuning_2025_09_29_16_28/candidates/specs/267_spec.mlir
compute_gemm_4096_4096_8192_f8E4M3FNUZ_f32_tB,268,contraction,sharkmi300x-4,gfx942,4096,4096,8192,64,16,32,8,8,0,0,0,"[0, 1]",LLVMGPUVectorDistribute,"PipelineOptionsSearchSpace(prefetch_shared_memory=[True], no_reduce_shared_memory_bank_conflicts=[None], use_igemm_convolution=[None])",[2],,#iree_gpu.mma_layout<MFMA_F32_16x16x32_F8E4M3FNUZ>,256,128,128,128,2,1,2,2,"['--iree-hal-target-device=hip', '--iree-hip-target=gfx942', '--compile-from=executable-sources']",268,True,"['--input=1', '--benchmark_repetitions=3']",True,hip://7,True,352.5,388.67,269.67,1.1026,251,148,103,204,302.06,,tuning_2025_09_29_16_28/candidates/specs/268_spec.mlir
compute_gemm_4096_4096_8192_f8E4M3FNUZ_f32_tB,269,contraction,sharkmi300x-4,gfx942,4096,4096,8192,64,32,16,8,8,0,0,0,"[0, 1]",LLVMGPUVectorDistribute,"PipelineOptionsSearchSpace(prefetch_shared_memory=[True], no_reduce_shared_memory_bank_conflicts=[None], use_igemm_convolution=[None])",[2],,#iree_gpu.mma_layout<MFMA_F32_32x32x16_F8E4M3FNUZ>,64,128,256,128,2,1,2,2,"['--iree-hal-target-device=hip', '--iree-hip-target=gfx942', '--compile-from=executable-sources']",269,True,"['--input=1', '--benchmark_repetitions=3']",True,hip://2,True,357.5,418.67,269.67,1.1711,234,191,43,204,302.06,,tuning_2025_09_29_16_28/candidates/specs/269_spec.mlir
compute_gemm_4096_4096_8192_f8E4M3FNUZ_f32_tB,270,contraction,sharkmi300x-4,gfx942,4096,4096,8192,64,32,16,8,8,0,0,0,"[0, 1]",LLVMGPUVectorDistribute,"PipelineOptionsSearchSpace(prefetch_shared_memory=[True], no_reduce_shared_memory_bank_conflicts=[None], use_igemm_convolution=[None])",[2],,#iree_gpu.mma_layout<MFMA_F32_32x32x16_F8E4M3FNUZ>,64,256,32,256,2,1,2,4,"['--iree-hal-target-device=hip', '--iree-hip-target=gfx942', '--compile-from=executable-sources']",270,True,"['--input=1', '--benchmark_repetitions=3']",True,hip://7,True,352.5,578.0,269.67,1.63972,227,394,167,204,302.06,,tuning_2025_09_29_16_28/candidates/specs/270_spec.mlir
compute_gemm_4096_4096_8192_f8E4M3FNUZ_f32_tB,271,contraction,sharkmi300x-4,gfx942,4096,4096,8192,64,32,16,8,8,0,0,0,"[0, 1]",LLVMGPUVectorDistribute,"PipelineOptionsSearchSpace(prefetch_shared_memory=[True], no_reduce_shared_memory_bank_conflicts=[None], use_igemm_convolution=[None])",[2],,#iree_gpu.mma_layout<MFMA_F32_32x32x16_F8E4M3FNUZ>,512,64,64,64,2,1,2,1,"['--iree-hal-target-device=hip', '--iree-hip-target=gfx942', '--compile-from=executable-sources']",271,True,"['--input=1', '--benchmark_repetitions=3']",True,hip://2,True,357.5,641.0,269.67,1.79301,283,433,150,204,302.06,,tuning_2025_09_29_16_28/candidates/specs/271_spec.mlir
compute_gemm_4096_4096_8192_f8E4M3FNUZ_f32_tB,272,contraction,sharkmi300x-4,gfx942,4096,4096,8192,64,16,32,8,8,0,0,0,"[0, 1]",LLVMGPUVectorDistribute,"PipelineOptionsSearchSpace(prefetch_shared_memory=[True], no_reduce_shared_memory_bank_conflicts=[None], use_igemm_convolution=[None])",[2],,#iree_gpu.mma_layout<MFMA_F32_16x16x32_F8E4M3FNUZ>,128,32,256,128,1,1,1,2,"['--iree-hal-target-device=hip', '--iree-hip-target=gfx942', '--compile-from=executable-sources']",272,True,"['--input=1', '--benchmark_repetitions=3']",True,hip://6,True,357.33,712.33,269.67,1.99347,245,496,251,204,302.06,,tuning_2025_09_29_16_28/candidates/specs/272_spec.mlir
compute_gemm_4096_4096_8192_f8E4M3FNUZ_f32_tB,273,contraction,sharkmi300x-4,gfx942,4096,4096,8192,64,16,32,8,8,0,0,0,"[0, 1]",LLVMGPUVectorDistribute,"PipelineOptionsSearchSpace(prefetch_shared_memory=[True], no_reduce_shared_memory_bank_conflicts=[None], use_igemm_convolution=[None])",[2],,#iree_gpu.mma_layout<MFMA_F32_16x16x32_F8E4M3FNUZ>,512,16,64,64,1,1,1,1,"['--iree-hal-target-device=hip', '--iree-hip-target=gfx942', '--compile-from=executable-sources']",273,True,"['--input=1', '--benchmark_repetitions=3']",True,hip://6,True,357.33,1873.33,269.67,5.24254,265,754,489,204,302.06,,tuning_2025_09_29_16_28/candidates/specs/273_spec.mlir
compute_gemm_4096_4096_8192_f8E4M3FNUZ_f32_tB,274,contraction,sharkmi300x-4,gfx942,4096,4096,8192,64,16,32,8,8,0,0,0,"[0, 1]",LLVMGPUVectorDistribute,"PipelineOptionsSearchSpace(prefetch_shared_memory=[True], no_reduce_shared_memory_bank_conflicts=[None], use_igemm_convolution=[None])",[2],,#iree_gpu.mma_layout<MFMA_F32_16x16x32_F8E4M3FNUZ>,512,256,32,64,4,1,4,1,"['--iree-hal-target-device=hip', '--iree-hip-target=gfx942', '--compile-from=executable-sources']",274,True,"['--input=1', '--benchmark_repetitions=3']",True,hip://6,True,357.33,8596.67,269.67,24.05784,333,870,537,204,302.06,,tuning_2025_09_29_16_28/candidates/specs/274_spec.mlir
compute_gemm_4096_4096_8192_f8E4M3FNUZ_f32_tB,275,contraction,sharkmi300x-4,gfx942,4096,4096,8192,64,32,16,8,8,0,0,0,"[0, 1]",LLVMGPUVectorDistribute,"PipelineOptionsSearchSpace(prefetch_shared_memory=[True], no_reduce_shared_memory_bank_conflicts=[None], use_igemm_convolution=[None])",[2],,#iree_gpu.mma_layout<MFMA_F32_32x32x16_F8E4M3FNUZ>,256,64,64,128,4,1,4,2,"['--iree-hal-target-device=hip', '--iree-hip-target=gfx942', '--compile-from=executable-sources']",275,True,"['--input=1', '--benchmark_repetitions=3']",True,hip://7,True,352.5,421.0,269.67,1.19433,235,201,34,204,302.06,,tuning_2025_09_29_16_28/candidates/specs/275_spec.mlir
compute_gemm_4096_4096_8192_f8E4M3FNUZ_f32_tB,276,contraction,sharkmi300x-4,gfx942,4096,4096,8192,64,16,32,8,8,0,0,0,"[0, 1]",LLVMGPUVectorDistribute,"PipelineOptionsSearchSpace(prefetch_shared_memory=[True], no_reduce_shared_memory_bank_conflicts=[None], use_igemm_convolution=[None])",[2],,#iree_gpu.mma_layout<MFMA_F32_16x16x32_F8E4M3FNUZ>,256,64,32,64,4,1,4,1,"['--iree-hal-target-device=hip', '--iree-hip-target=gfx942', '--compile-from=executable-sources']",276,True,"['--input=1', '--benchmark_repetitions=3']",True,hip://6,True,357.33,711.0,269.67,1.98974,241,493,252,204,302.06,,tuning_2025_09_29_16_28/candidates/specs/276_spec.mlir
compute_gemm_4096_4096_8192_f8E4M3FNUZ_f32_tB,277,contraction,sharkmi300x-4,gfx942,4096,4096,8192,64,32,16,8,8,0,0,0,"[0, 1]",LLVMGPUVectorDistribute,"PipelineOptionsSearchSpace(prefetch_shared_memory=[True], no_reduce_shared_memory_bank_conflicts=[None], use_igemm_convolution=[None])",[2],,#iree_gpu.mma_layout<MFMA_F32_32x32x16_F8E4M3FNUZ>,128,256,32,128,2,1,2,2,"['--iree-hal-target-device=hip', '--iree-hip-target=gfx942', '--compile-from=executable-sources']",277,True,"['--input=1', '--benchmark_repetitions=3']",True,hip://6,True,357.33,375.67,269.67,1.05131,253,123,130,204,302.06,,tuning_2025_09_29_16_28/candidates/specs/277_spec.mlir
compute_gemm_4096_4096_8192_f8E4M3FNUZ_f32_tB,278,contraction,sharkmi300x-4,gfx942,4096,4096,8192,64,32,16,8,8,0,0,0,"[0, 1]",LLVMGPUVectorDistribute,"PipelineOptionsSearchSpace(prefetch_shared_memory=[True], no_reduce_shared_memory_bank_conflicts=[None], use_igemm_convolution=[None])",[2],,#iree_gpu.mma_layout<MFMA_F32_32x32x16_F8E4M3FNUZ>,128,512,32,512,1,1,1,8,"['--iree-hal-target-device=hip', '--iree-hip-target=gfx942', '--compile-from=executable-sources']",278,True,"['--input=1', '--benchmark_repetitions=3']",True,hip://2,True,357.5,498.67,269.67,1.39487,254,288,34,204,302.06,,tuning_2025_09_29_16_28/candidates/specs/278_spec.mlir
compute_gemm_4096_4096_8192_f8E4M3FNUZ_f32_tB,279,contraction,sharkmi300x-4,gfx942,4096,4096,8192,64,32,16,8,8,0,0,0,"[0, 1]",LLVMGPUVectorDistribute,"PipelineOptionsSearchSpace(prefetch_shared_memory=[True], no_reduce_shared_memory_bank_conflicts=[None], use_igemm_convolution=[None])",[2],,#iree_gpu.mma_layout<MFMA_F32_32x32x16_F8E4M3FNUZ>,32,128,64,64,1,1,1,1,"['--iree-hal-target-device=hip', '--iree-hip-target=gfx942', '--compile-from=executable-sources']",279,True,"['--input=1', '--benchmark_repetitions=3']",True,hip://5,True,360.33,533.67,269.67,1.48104,244,332,88,204,302.06,,tuning_2025_09_29_16_28/candidates/specs/279_spec.mlir
compute_gemm_4096_4096_8192_f8E4M3FNUZ_f32_tB,280,contraction,sharkmi300x-4,gfx942,4096,4096,8192,64,32,16,8,8,0,0,0,"[0, 1]",LLVMGPUVectorDistribute,"PipelineOptionsSearchSpace(prefetch_shared_memory=[True], no_reduce_shared_memory_bank_conflicts=[None], use_igemm_convolution=[None])",[2],,#iree_gpu.mma_layout<MFMA_F32_32x32x16_F8E4M3FNUZ>,256,64,64,128,1,1,1,2,"['--iree-hal-target-device=hip', '--iree-hip-target=gfx942', '--compile-from=executable-sources']",280,True,"['--input=1', '--benchmark_repetitions=3']",True,hip://6,True,357.33,401.33,269.67,1.12313,257,162,95,204,302.06,,tuning_2025_09_29_16_28/candidates/specs/280_spec.mlir
compute_gemm_4096_4096_8192_f8E4M3FNUZ_f32_tB,281,contraction,sharkmi300x-4,gfx942,4096,4096,8192,64,16,32,8,8,0,0,0,"[0, 1]",LLVMGPUVectorDistribute,"PipelineOptionsSearchSpace(prefetch_shared_memory=[True], no_reduce_shared_memory_bank_conflicts=[None], use_igemm_convolution=[None])",[2],,#iree_gpu.mma_layout<MFMA_F32_16x16x32_F8E4M3FNUZ>,64,512,32,64,2,1,2,1,"['--iree-hal-target-device=hip', '--iree-hip-target=gfx942', '--compile-from=executable-sources']",281,True,"['--input=1', '--benchmark_repetitions=3']",True,hip://5,True,360.33,848.0,269.67,2.35338,275,555,280,204,302.06,,tuning_2025_09_29_16_28/candidates/specs/281_spec.mlir
compute_gemm_4096_4096_8192_f8E4M3FNUZ_f32_tB,282,contraction,sharkmi300x-4,gfx942,4096,4096,8192,64,16,32,8,8,0,0,0,"[0, 1]",LLVMGPUVectorDistribute,"PipelineOptionsSearchSpace(prefetch_shared_memory=[True], no_reduce_shared_memory_bank_conflicts=[None], use_igemm_convolution=[None])",[2],,#iree_gpu.mma_layout<MFMA_F32_16x16x32_F8E4M3FNUZ>,32,256,64,64,1,1,1,1,"['--iree-hal-target-device=hip', '--iree-hip-target=gfx942', '--compile-from=executable-sources']",282,True,"['--input=1', '--benchmark_repetitions=3']",True,hip://2,True,357.5,607.33,269.67,1.69883,258,407,149,204,302.06,,tuning_2025_09_29_16_28/candidates/specs/282_spec.mlir
compute_gemm_4096_4096_8192_f8E4M3FNUZ_f32_tB,283,contraction,sharkmi300x-4,gfx942,4096,4096,8192,64,16,32,8,8,0,0,0,"[0, 1]",LLVMGPUVectorDistribute,"PipelineOptionsSearchSpace(prefetch_shared_memory=[True], no_reduce_shared_memory_bank_conflicts=[None], use_igemm_convolution=[None])",[2],,#iree_gpu.mma_layout<MFMA_F32_16x16x32_F8E4M3FNUZ>,64,64,32,64,1,1,1,1,"['--iree-hal-target-device=hip', '--iree-hip-target=gfx942', '--compile-from=executable-sources']",283,True,"['--input=1', '--benchmark_repetitions=3']",True,hip://2,True,357.5,981.67,269.67,2.74592,243,613,370,204,302.06,,tuning_2025_09_29_16_28/candidates/specs/283_spec.mlir
compute_gemm_4096_4096_8192_f8E4M3FNUZ_f32_tB,284,contraction,sharkmi300x-4,gfx942,4096,4096,8192,64,16,32,8,8,0,0,0,"[0, 1]",LLVMGPUVectorDistribute,"PipelineOptionsSearchSpace(prefetch_shared_memory=[True], no_reduce_shared_memory_bank_conflicts=[None], use_igemm_convolution=[None])",[2],,#iree_gpu.mma_layout<MFMA_F32_16x16x32_F8E4M3FNUZ>,64,64,128,64,4,1,4,1,"['--iree-hal-target-device=hip', '--iree-hip-target=gfx942', '--compile-from=executable-sources']",284,True,"['--input=1', '--benchmark_repetitions=3']",True,hip://7,True,352.5,376.0,269.67,1.06667,242,130,112,204,302.06,,tuning_2025_09_29_16_28/candidates/specs/284_spec.mlir
compute_gemm_4096_4096_8192_f8E4M3FNUZ_f32_tB,285,contraction,sharkmi300x-4,gfx942,4096,4096,8192,64,16,32,8,8,0,0,0,"[0, 1]",LLVMGPUVectorDistribute,"PipelineOptionsSearchSpace(prefetch_shared_memory=[True], no_reduce_shared_memory_bank_conflicts=[None], use_igemm_convolution=[None])",[2],,#iree_gpu.mma_layout<MFMA_F32_16x16x32_F8E4M3FNUZ>,256,64,128,128,4,1,4,2,"['--iree-hal-target-device=hip', '--iree-hip-target=gfx942', '--compile-from=executable-sources']",285,True,"['--input=1', '--benchmark_repetitions=3']",True,hip://7,True,352.5,375.33,269.67,1.06478,247,128,119,204,302.06,,tuning_2025_09_29_16_28/candidates/specs/285_spec.mlir
compute_gemm_4096_4096_8192_f8E4M3FNUZ_f32_tB,286,contraction,sharkmi300x-4,gfx942,4096,4096,8192,64,32,16,8,8,0,0,0,"[0, 1]",LLVMGPUVectorDistribute,"PipelineOptionsSearchSpace(prefetch_shared_memory=[True], no_reduce_shared_memory_bank_conflicts=[None], use_igemm_convolution=[None])",[2],,#iree_gpu.mma_layout<MFMA_F32_32x32x16_F8E4M3FNUZ>,32,128,256,64,1,1,1,1,"['--iree-hal-target-device=hip', '--iree-hip-target=gfx942', '--compile-from=executable-sources']",286,True,"['--input=1', '--benchmark_repetitions=3']",True,hip://7,True,352.5,1026.67,269.67,2.91253,272,649,377,204,302.06,,tuning_2025_09_29_16_28/candidates/specs/286_spec.mlir
compute_gemm_4096_4096_8192_f8E4M3FNUZ_f32_tB,287,contraction,sharkmi300x-4,gfx942,4096,4096,8192,64,32,16,8,8,0,0,0,"[0, 1]",LLVMGPUVectorDistribute,"PipelineOptionsSearchSpace(prefetch_shared_memory=[True], no_reduce_shared_memory_bank_conflicts=[None], use_igemm_convolution=[None])",[2],,#iree_gpu.mma_layout<MFMA_F32_32x32x16_F8E4M3FNUZ>,256,32,64,64,1,1,1,1,"['--iree-hal-target-device=hip', '--iree-hip-target=gfx942', '--compile-from=executable-sources']",287,True,"['--input=1', '--benchmark_repetitions=3']",True,hip://7,True,352.5,663.67,269.67,1.88274,264,470,206,204,302.06,,tuning_2025_09_29_16_28/candidates/specs/287_spec.mlir
compute_gemm_4096_4096_8192_f8E4M3FNUZ_f32_tB,288,contraction,sharkmi300x-4,gfx942,4096,4096,8192,64,32,16,8,8,0,0,0,"[0, 1]",LLVMGPUVectorDistribute,"PipelineOptionsSearchSpace(prefetch_shared_memory=[True], no_reduce_shared_memory_bank_conflicts=[None], use_igemm_convolution=[None])",[2],,#iree_gpu.mma_layout<MFMA_F32_32x32x16_F8E4M3FNUZ>,256,256,128,64,1,1,1,1,"['--iree-hal-target-device=hip', '--iree-hip-target=gfx942', '--compile-from=executable-sources']",288,True,"['--input=1', '--benchmark_repetitions=3']",True,hip://2,True,357.5,12166.67,269.67,34.03263,608,903,295,204,302.06,,tuning_2025_09_29_16_28/candidates/specs/288_spec.mlir
compute_gemm_4096_4096_8192_f8E4M3FNUZ_f32_tB,289,contraction,sharkmi300x-4,gfx942,4096,4096,8192,64,16,32,8,8,0,0,0,"[0, 1]",LLVMGPUVectorDistribute,"PipelineOptionsSearchSpace(prefetch_shared_memory=[True], no_reduce_shared_memory_bank_conflicts=[None], use_igemm_convolution=[None])",[2],,#iree_gpu.mma_layout<MFMA_F32_16x16x32_F8E4M3FNUZ>,512,512,32,64,2,1,2,1,"['--iree-hal-target-device=hip', '--iree-hip-target=gfx942', '--compile-from=executable-sources']",289,False,"['--input=1', '--benchmark_repetitions=3']",False,,False,,,,,,,,,,,tuning_2025_09_29_16_28/candidates/specs/289_spec.mlir
compute_gemm_4096_4096_8192_f8E4M3FNUZ_f32_tB,290,contraction,sharkmi300x-4,gfx942,4096,4096,8192,64,16,32,8,8,0,0,0,"[0, 1]",LLVMGPUVectorDistribute,"PipelineOptionsSearchSpace(prefetch_shared_memory=[True], no_reduce_shared_memory_bank_conflicts=[None], use_igemm_convolution=[None])",[2],,#iree_gpu.mma_layout<MFMA_F32_16x16x32_F8E4M3FNUZ>,256,512,32,64,4,1,4,1,"['--iree-hal-target-device=hip', '--iree-hip-target=gfx942', '--compile-from=executable-sources']",290,True,"['--input=1', '--benchmark_repetitions=3']",True,hip://6,True,357.33,9110.0,269.67,25.4944,350,876,526,204,302.06,,tuning_2025_09_29_16_28/candidates/specs/290_spec.mlir
compute_gemm_4096_4096_8192_f8E4M3FNUZ_f32_tB,291,contraction,sharkmi300x-4,gfx942,4096,4096,8192,64,16,32,8,8,0,0,0,"[0, 1]",LLVMGPUVectorDistribute,"PipelineOptionsSearchSpace(prefetch_shared_memory=[True], no_reduce_shared_memory_bank_conflicts=[None], use_igemm_convolution=[None])",[2],,#iree_gpu.mma_layout<MFMA_F32_16x16x32_F8E4M3FNUZ>,256,512,32,128,4,1,4,2,"['--iree-hal-target-device=hip', '--iree-hip-target=gfx942', '--compile-from=executable-sources']",291,True,"['--input=1', '--benchmark_repetitions=3']",True,hip://6,True,357.33,2383.33,269.67,6.66978,277,782,505,204,302.06,,tuning_2025_09_29_16_28/candidates/specs/291_spec.mlir
compute_gemm_4096_4096_8192_f8E4M3FNUZ_f32_tB,292,contraction,sharkmi300x-4,gfx942,4096,4096,8192,64,16,32,8,8,0,0,0,"[0, 1]",LLVMGPUVectorDistribute,"PipelineOptionsSearchSpace(prefetch_shared_memory=[True], no_reduce_shared_memory_bank_conflicts=[None], use_igemm_convolution=[None])",[2],,#iree_gpu.mma_layout<MFMA_F32_16x16x32_F8E4M3FNUZ>,64,16,128,64,1,1,1,1,"['--iree-hal-target-device=hip', '--iree-hip-target=gfx942', '--compile-from=executable-sources']",292,True,"['--input=1', '--benchmark_repetitions=3']",True,hip://6,True,357.33,681.67,269.67,1.90765,249,477,228,204,302.06,,tuning_2025_09_29_16_28/candidates/specs/292_spec.mlir
compute_gemm_4096_4096_8192_f8E4M3FNUZ_f32_tB,293,contraction,sharkmi300x-4,gfx942,4096,4096,8192,64,16,32,8,8,0,0,0,"[0, 1]",LLVMGPUVectorDistribute,"PipelineOptionsSearchSpace(prefetch_shared_memory=[True], no_reduce_shared_memory_bank_conflicts=[None], use_igemm_convolution=[None])",[2],,#iree_gpu.mma_layout<MFMA_F32_16x16x32_F8E4M3FNUZ>,128,32,32,128,2,1,2,2,"['--iree-hal-target-device=hip', '--iree-hip-target=gfx942', '--compile-from=executable-sources']",293,True,"['--input=1', '--benchmark_repetitions=3']",True,hip://2,True,357.5,983.67,269.67,2.75152,246,616,370,204,302.06,,tuning_2025_09_29_16_28/candidates/specs/293_spec.mlir
compute_gemm_4096_4096_8192_f8E4M3FNUZ_f32_tB,294,contraction,sharkmi300x-4,gfx942,4096,4096,8192,64,32,16,8,8,0,0,0,"[0, 1]",LLVMGPUVectorDistribute,"PipelineOptionsSearchSpace(prefetch_shared_memory=[True], no_reduce_shared_memory_bank_conflicts=[None], use_igemm_convolution=[None])",[2],,#iree_gpu.mma_layout<MFMA_F32_32x32x16_F8E4M3FNUZ>,64,256,128,64,2,1,2,1,"['--iree-hal-target-device=hip', '--iree-hip-target=gfx942', '--compile-from=executable-sources']",294,True,"['--input=1', '--benchmark_repetitions=3']",True,hip://7,True,352.5,567.67,269.67,1.6104,280,388,108,204,302.06,,tuning_2025_09_29_16_28/candidates/specs/294_spec.mlir
compute_gemm_4096_4096_8192_f8E4M3FNUZ_f32_tB,295,contraction,sharkmi300x-4,gfx942,4096,4096,8192,64,32,16,8,8,0,0,0,"[0, 1]",LLVMGPUVectorDistribute,"PipelineOptionsSearchSpace(prefetch_shared_memory=[True], no_reduce_shared_memory_bank_conflicts=[None], use_igemm_convolution=[None])",[2],,#iree_gpu.mma_layout<MFMA_F32_32x32x16_F8E4M3FNUZ>,64,128,64,64,2,1,2,1,"['--iree-hal-target-device=hip', '--iree-hip-target=gfx942', '--compile-from=executable-sources']",295,True,"['--input=1', '--benchmark_repetitions=3']",True,hip://7,True,352.5,388.33,269.67,1.10165,255,144,111,204,302.06,,tuning_2025_09_29_16_28/candidates/specs/295_spec.mlir
compute_gemm_4096_4096_8192_f8E4M3FNUZ_f32_tB,296,contraction,sharkmi300x-4,gfx942,4096,4096,8192,64,32,16,8,8,0,0,0,"[0, 1]",LLVMGPUVectorDistribute,"PipelineOptionsSearchSpace(prefetch_shared_memory=[True], no_reduce_shared_memory_bank_conflicts=[None], use_igemm_convolution=[None])",[2],,#iree_gpu.mma_layout<MFMA_F32_32x32x16_F8E4M3FNUZ>,64,256,128,128,2,1,2,2,"['--iree-hal-target-device=hip', '--iree-hip-target=gfx942', '--compile-from=executable-sources']",296,True,"['--input=1', '--benchmark_repetitions=3']",True,hip://6,True,357.33,433.67,269.67,1.21362,261,204,57,204,302.06,,tuning_2025_09_29_16_28/candidates/specs/296_spec.mlir
compute_gemm_4096_4096_8192_f8E4M3FNUZ_f32_tB,297,contraction,sharkmi300x-4,gfx942,4096,4096,8192,64,16,32,8,8,0,0,0,"[0, 1]",LLVMGPUVectorDistribute,"PipelineOptionsSearchSpace(prefetch_shared_memory=[True], no_reduce_shared_memory_bank_conflicts=[None], use_igemm_convolution=[None])",[2],,#iree_gpu.mma_layout<MFMA_F32_16x16x32_F8E4M3FNUZ>,512,64,64,128,4,1,4,2,"['--iree-hal-target-device=hip', '--iree-hip-target=gfx942', '--compile-from=executable-sources']",297,True,"['--input=1', '--benchmark_repetitions=3']",True,hip://5,True,360.33,500.0,269.67,1.3876,256,284,28,204,302.06,,tuning_2025_09_29_16_28/candidates/specs/297_spec.mlir
compute_gemm_4096_4096_8192_f8E4M3FNUZ_f32_tB,298,contraction,sharkmi300x-4,gfx942,4096,4096,8192,64,16,32,8,8,0,0,0,"[0, 1]",LLVMGPUVectorDistribute,"PipelineOptionsSearchSpace(prefetch_shared_memory=[True], no_reduce_shared_memory_bank_conflicts=[None], use_igemm_convolution=[None])",[2],,#iree_gpu.mma_layout<MFMA_F32_16x16x32_F8E4M3FNUZ>,128,256,128,64,2,1,2,1,"['--iree-hal-target-device=hip', '--iree-hip-target=gfx942', '--compile-from=executable-sources']",298,True,"['--input=1', '--benchmark_repetitions=3']",True,hip://2,True,357.5,1830.0,269.67,5.11888,339,747,408,204,302.06,,tuning_2025_09_29_16_28/candidates/specs/298_spec.mlir
compute_gemm_4096_4096_8192_f8E4M3FNUZ_f32_tB,299,contraction,sharkmi300x-4,gfx942,4096,4096,8192,64,32,16,8,8,0,0,0,"[0, 1]",LLVMGPUVectorDistribute,"PipelineOptionsSearchSpace(prefetch_shared_memory=[True], no_reduce_shared_memory_bank_conflicts=[None], use_igemm_convolution=[None])",[2],,#iree_gpu.mma_layout<MFMA_F32_32x32x16_F8E4M3FNUZ>,32,256,64,64,1,1,1,1,"['--iree-hal-target-device=hip', '--iree-hip-target=gfx942', '--compile-from=executable-sources']",299,True,"['--input=1', '--benchmark_repetitions=3']",True,hip://6,True,357.33,540.33,269.67,1.51213,273,352,79,204,302.06,,tuning_2025_09_29_16_28/candidates/specs/299_spec.mlir
compute_gemm_4096_4096_8192_f8E4M3FNUZ_f32_tB,300,contraction,sharkmi300x-4,gfx942,4096,4096,8192,64,32,16,8,8,0,0,0,"[0, 1]",LLVMGPUVectorDistribute,"PipelineOptionsSearchSpace(prefetch_shared_memory=[True], no_reduce_shared_memory_bank_conflicts=[None], use_igemm_convolution=[None])",[2],,#iree_gpu.mma_layout<MFMA_F32_32x32x16_F8E4M3FNUZ>,256,64,128,128,1,1,1,2,"['--iree-hal-target-device=hip', '--iree-hip-target=gfx942', '--compile-from=executable-sources']",300,True,"['--input=1', '--benchmark_repetitions=3']",True,hip://6,True,357.33,562.67,269.67,1.57463,285,377,92,204,302.06,,tuning_2025_09_29_16_28/candidates/specs/300_spec.mlir
compute_gemm_4096_4096_8192_f8E4M3FNUZ_f32_tB,301,contraction,sharkmi300x-4,gfx942,4096,4096,8192,64,32,16,8,8,0,0,0,"[0, 1]",LLVMGPUVectorDistribute,"PipelineOptionsSearchSpace(prefetch_shared_memory=[True], no_reduce_shared_memory_bank_conflicts=[None], use_igemm_convolution=[None])",[2],,#iree_gpu.mma_layout<MFMA_F32_32x32x16_F8E4M3FNUZ>,256,256,32,64,1,1,1,1,"['--iree-hal-target-device=hip', '--iree-hip-target=gfx942', '--compile-from=executable-sources']",301,True,"['--input=1', '--benchmark_repetitions=3']",True,hip://5,True,360.33,17600.0,269.67,48.84366,519,933,414,204,302.06,,tuning_2025_09_29_16_28/candidates/specs/301_spec.mlir
compute_gemm_4096_4096_8192_f8E4M3FNUZ_f32_tB,302,contraction,sharkmi300x-4,gfx942,4096,4096,8192,64,32,16,8,8,0,0,0,"[0, 1]",LLVMGPUVectorDistribute,"PipelineOptionsSearchSpace(prefetch_shared_memory=[True], no_reduce_shared_memory_bank_conflicts=[None], use_igemm_convolution=[None])",[2],,#iree_gpu.mma_layout<MFMA_F32_32x32x16_F8E4M3FNUZ>,128,64,64,64,2,1,2,1,"['--iree-hal-target-device=hip', '--iree-hip-target=gfx942', '--compile-from=executable-sources']",302,True,"['--input=1', '--benchmark_repetitions=3']",True,hip://2,True,357.5,395.0,269.67,1.1049,262,154,108,204,302.06,,tuning_2025_09_29_16_28/candidates/specs/302_spec.mlir
compute_gemm_4096_4096_8192_f8E4M3FNUZ_f32_tB,303,contraction,sharkmi300x-4,gfx942,4096,4096,8192,64,16,32,8,8,0,0,0,"[0, 1]",LLVMGPUVectorDistribute,"PipelineOptionsSearchSpace(prefetch_shared_memory=[True], no_reduce_shared_memory_bank_conflicts=[None], use_igemm_convolution=[None])",[2],,#iree_gpu.mma_layout<MFMA_F32_16x16x32_F8E4M3FNUZ>,128,256,32,256,2,1,2,4,"['--iree-hal-target-device=hip', '--iree-hip-target=gfx942', '--compile-from=executable-sources']",303,True,"['--input=1', '--benchmark_repetitions=3']",True,hip://7,True,352.5,378.67,269.67,1.07423,260,134,126,204,302.06,,tuning_2025_09_29_16_28/candidates/specs/303_spec.mlir
compute_gemm_4096_4096_8192_f8E4M3FNUZ_f32_tB,304,contraction,sharkmi300x-4,gfx942,4096,4096,8192,64,16,32,8,8,0,0,0,"[0, 1]",LLVMGPUVectorDistribute,"PipelineOptionsSearchSpace(prefetch_shared_memory=[True], no_reduce_shared_memory_bank_conflicts=[None], use_igemm_convolution=[None])",[2],,#iree_gpu.mma_layout<MFMA_F32_16x16x32_F8E4M3FNUZ>,512,128,64,256,1,1,1,4,"['--iree-hal-target-device=hip', '--iree-hip-target=gfx942', '--compile-from=executable-sources']",304,True,"['--input=1', '--benchmark_repetitions=3']",True,hip://7,True,352.5,749.67,269.67,2.12671,316,523,207,204,302.06,,tuning_2025_09_29_16_28/candidates/specs/304_spec.mlir
compute_gemm_4096_4096_8192_f8E4M3FNUZ_f32_tB,305,contraction,sharkmi300x-4,gfx942,4096,4096,8192,64,32,16,8,8,0,0,0,"[0, 1]",LLVMGPUVectorDistribute,"PipelineOptionsSearchSpace(prefetch_shared_memory=[True], no_reduce_shared_memory_bank_conflicts=[None], use_igemm_convolution=[None])",[2],,#iree_gpu.mma_layout<MFMA_F32_32x32x16_F8E4M3FNUZ>,256,64,32,64,1,1,1,1,"['--iree-hal-target-device=hip', '--iree-hip-target=gfx942', '--compile-from=executable-sources']",305,True,"['--input=1', '--benchmark_repetitions=3']",True,hip://7,True,352.5,3076.67,269.67,8.72813,300,800,500,204,302.06,,tuning_2025_09_29_16_28/candidates/specs/305_spec.mlir
compute_gemm_4096_4096_8192_f8E4M3FNUZ_f32_tB,306,contraction,sharkmi300x-4,gfx942,4096,4096,8192,64,32,16,8,8,0,0,0,"[0, 1]",LLVMGPUVectorDistribute,"PipelineOptionsSearchSpace(prefetch_shared_memory=[True], no_reduce_shared_memory_bank_conflicts=[None], use_igemm_convolution=[None])",[2],,#iree_gpu.mma_layout<MFMA_F32_32x32x16_F8E4M3FNUZ>,128,64,256,128,2,1,2,2,"['--iree-hal-target-device=hip', '--iree-hip-target=gfx942', '--compile-from=executable-sources']",306,True,"['--input=1', '--benchmark_repetitions=3']",True,hip://7,True,352.5,432.67,269.67,1.22742,268,209,59,204,302.06,,tuning_2025_09_29_16_28/candidates/specs/306_spec.mlir
compute_gemm_4096_4096_8192_f8E4M3FNUZ_f32_tB,307,contraction,sharkmi300x-4,gfx942,4096,4096,8192,64,16,32,8,8,0,0,0,"[0, 1]",LLVMGPUVectorDistribute,"PipelineOptionsSearchSpace(prefetch_shared_memory=[True], no_reduce_shared_memory_bank_conflicts=[None], use_igemm_convolution=[None])",[2],,#iree_gpu.mma_layout<MFMA_F32_16x16x32_F8E4M3FNUZ>,512,128,32,512,1,1,1,8,"['--iree-hal-target-device=hip', '--iree-hip-target=gfx942', '--compile-from=executable-sources']",307,True,"['--input=1', '--benchmark_repetitions=3']",True,hip://7,True,352.5,524.67,269.67,1.48842,276,336,60,204,302.06,,tuning_2025_09_29_16_28/candidates/specs/307_spec.mlir
compute_gemm_4096_4096_8192_f8E4M3FNUZ_f32_tB,308,contraction,sharkmi300x-4,gfx942,4096,4096,8192,64,16,32,8,8,0,0,0,"[0, 1]",LLVMGPUVectorDistribute,"PipelineOptionsSearchSpace(prefetch_shared_memory=[True], no_reduce_shared_memory_bank_conflicts=[None], use_igemm_convolution=[None])",[2],,#iree_gpu.mma_layout<MFMA_F32_16x16x32_F8E4M3FNUZ>,128,64,32,64,8,1,8,1,"['--iree-hal-target-device=hip', '--iree-hip-target=gfx942', '--compile-from=executable-sources']",308,True,"['--input=1', '--benchmark_repetitions=3']",True,hip://5,True,360.33,620.33,269.67,1.72155,259,411,152,204,302.06,,tuning_2025_09_29_16_28/candidates/specs/308_spec.mlir
compute_gemm_4096_4096_8192_f8E4M3FNUZ_f32_tB,309,contraction,sharkmi300x-4,gfx942,4096,4096,8192,64,16,32,8,8,0,0,0,"[0, 1]",LLVMGPUVectorDistribute,"PipelineOptionsSearchSpace(prefetch_shared_memory=[True], no_reduce_shared_memory_bank_conflicts=[None], use_igemm_convolution=[None])",[2],,#iree_gpu.mma_layout<MFMA_F32_16x16x32_F8E4M3FNUZ>,512,256,64,64,4,1,4,1,"['--iree-hal-target-device=hip', '--iree-hip-target=gfx942', '--compile-from=executable-sources']",309,True,"['--input=1', '--benchmark_repetitions=3']",True,hip://5,True,360.33,5866.67,269.67,16.28122,441,823,382,204,302.06,,tuning_2025_09_29_16_28/candidates/specs/309_spec.mlir
compute_gemm_4096_4096_8192_f8E4M3FNUZ_f32_tB,310,contraction,sharkmi300x-4,gfx942,4096,4096,8192,64,16,32,8,8,0,0,0,"[0, 1]",LLVMGPUVectorDistribute,"PipelineOptionsSearchSpace(prefetch_shared_memory=[True], no_reduce_shared_memory_bank_conflicts=[None], use_igemm_convolution=[None])",[2],,#iree_gpu.mma_layout<MFMA_F32_16x16x32_F8E4M3FNUZ>,32,512,64,512,1,1,1,8,"['--iree-hal-target-device=hip', '--iree-hip-target=gfx942', '--compile-from=executable-sources']",310,True,"['--input=1', '--benchmark_repetitions=3']",True,hip://5,True,360.33,674.33,269.67,1.87142,263,467,204,204,302.06,,tuning_2025_09_29_16_28/candidates/specs/310_spec.mlir
compute_gemm_4096_4096_8192_f8E4M3FNUZ_f32_tB,311,contraction,sharkmi300x-4,gfx942,4096,4096,8192,64,32,16,8,8,0,0,0,"[0, 1]",LLVMGPUVectorDistribute,"PipelineOptionsSearchSpace(prefetch_shared_memory=[True], no_reduce_shared_memory_bank_conflicts=[None], use_igemm_convolution=[None])",[2],,#iree_gpu.mma_layout<MFMA_F32_32x32x16_F8E4M3FNUZ>,256,512,32,64,2,1,2,1,"['--iree-hal-target-device=hip', '--iree-hip-target=gfx942', '--compile-from=executable-sources']",311,True,"['--input=1', '--benchmark_repetitions=3']",True,hip://5,True,360.33,19500.0,269.67,54.11656,527,943,416,204,302.06,,tuning_2025_09_29_16_28/candidates/specs/311_spec.mlir
compute_gemm_4096_4096_8192_f8E4M3FNUZ_f32_tB,312,contraction,sharkmi300x-4,gfx942,4096,4096,8192,64,32,16,8,8,0,0,0,"[0, 1]",LLVMGPUVectorDistribute,"PipelineOptionsSearchSpace(prefetch_shared_memory=[True], no_reduce_shared_memory_bank_conflicts=[None], use_igemm_convolution=[None])",[2],,#iree_gpu.mma_layout<MFMA_F32_32x32x16_F8E4M3FNUZ>,256,256,32,64,4,1,4,1,"['--iree-hal-target-device=hip', '--iree-hip-target=gfx942', '--compile-from=executable-sources']",312,True,"['--input=1', '--benchmark_repetitions=3']",True,hip://7,True,352.5,2536.67,269.67,7.19622,304,790,486,204,302.06,,tuning_2025_09_29_16_28/candidates/specs/312_spec.mlir
compute_gemm_4096_4096_8192_f8E4M3FNUZ_f32_tB,313,contraction,sharkmi300x-4,gfx942,4096,4096,8192,64,16,32,8,8,0,0,0,"[0, 1]",LLVMGPUVectorDistribute,"PipelineOptionsSearchSpace(prefetch_shared_memory=[True], no_reduce_shared_memory_bank_conflicts=[None], use_igemm_convolution=[None])",[2],,#iree_gpu.mma_layout<MFMA_F32_16x16x32_F8E4M3FNUZ>,512,128,32,128,2,1,2,2,"['--iree-hal-target-device=hip', '--iree-hip-target=gfx942', '--compile-from=executable-sources']",313,True,"['--input=1', '--benchmark_repetitions=3']",True,hip://6,True,357.33,1633.33,269.67,4.5709,301,723,422,204,302.06,,tuning_2025_09_29_16_28/candidates/specs/313_spec.mlir
compute_gemm_4096_4096_8192_f8E4M3FNUZ_f32_tB,314,contraction,sharkmi300x-4,gfx942,4096,4096,8192,64,32,16,8,8,0,0,0,"[0, 1]",LLVMGPUVectorDistribute,"PipelineOptionsSearchSpace(prefetch_shared_memory=[True], no_reduce_shared_memory_bank_conflicts=[None], use_igemm_convolution=[None])",[2],,#iree_gpu.mma_layout<MFMA_F32_32x32x16_F8E4M3FNUZ>,256,256,64,128,2,1,2,2,"['--iree-hal-target-device=hip', '--iree-hip-target=gfx942', '--compile-from=executable-sources']",314,True,"['--input=1', '--benchmark_repetitions=3']",True,hip://6,True,357.33,328.0,269.67,0.91791,313,54,259,204,302.06,,tuning_2025_09_29_16_28/candidates/specs/314_spec.mlir
compute_gemm_4096_4096_8192_f8E4M3FNUZ_f32_tB,315,contraction,sharkmi300x-4,gfx942,4096,4096,8192,64,16,32,8,8,0,0,0,"[0, 1]",LLVMGPUVectorDistribute,"PipelineOptionsSearchSpace(prefetch_shared_memory=[True], no_reduce_shared_memory_bank_conflicts=[None], use_igemm_convolution=[None])",[2],,#iree_gpu.mma_layout<MFMA_F32_16x16x32_F8E4M3FNUZ>,256,32,64,64,8,1,8,1,"['--iree-hal-target-device=hip', '--iree-hip-target=gfx942', '--compile-from=executable-sources']",315,True,"['--input=1', '--benchmark_repetitions=3']",True,hip://2,True,357.5,593.0,269.67,1.65874,266,400,134,204,302.06,,tuning_2025_09_29_16_28/candidates/specs/315_spec.mlir
compute_gemm_4096_4096_8192_f8E4M3FNUZ_f32_tB,316,contraction,sharkmi300x-4,gfx942,4096,4096,8192,64,16,32,8,8,0,0,0,"[0, 1]",LLVMGPUVectorDistribute,"PipelineOptionsSearchSpace(prefetch_shared_memory=[True], no_reduce_shared_memory_bank_conflicts=[None], use_igemm_convolution=[None])",[2],,#iree_gpu.mma_layout<MFMA_F32_16x16x32_F8E4M3FNUZ>,128,128,128,128,1,1,1,2,"['--iree-hal-target-device=hip', '--iree-hip-target=gfx942', '--compile-from=executable-sources']",316,True,"['--input=1', '--benchmark_repetitions=3']",True,hip://7,True,352.5,578.33,269.67,1.64066,288,395,107,204,302.06,,tuning_2025_09_29_16_28/candidates/specs/316_spec.mlir
compute_gemm_4096_4096_8192_f8E4M3FNUZ_f32_tB,317,contraction,sharkmi300x-4,gfx942,4096,4096,8192,64,32,16,8,8,0,0,0,"[0, 1]",LLVMGPUVectorDistribute,"PipelineOptionsSearchSpace(prefetch_shared_memory=[True], no_reduce_shared_memory_bank_conflicts=[None], use_igemm_convolution=[None])",[2],,#iree_gpu.mma_layout<MFMA_F32_32x32x16_F8E4M3FNUZ>,128,256,128,64,4,1,4,1,"['--iree-hal-target-device=hip', '--iree-hip-target=gfx942', '--compile-from=executable-sources']",317,True,"['--input=1', '--benchmark_repetitions=3']",True,hip://2,True,357.5,372.33,269.67,1.04149,291,116,175,204,302.06,,tuning_2025_09_29_16_28/candidates/specs/317_spec.mlir
compute_gemm_4096_4096_8192_f8E4M3FNUZ_f32_tB,318,contraction,sharkmi300x-4,gfx942,4096,4096,8192,64,32,16,8,8,0,0,0,"[0, 1]",LLVMGPUVectorDistribute,"PipelineOptionsSearchSpace(prefetch_shared_memory=[True], no_reduce_shared_memory_bank_conflicts=[None], use_igemm_convolution=[None])",[2],,#iree_gpu.mma_layout<MFMA_F32_32x32x16_F8E4M3FNUZ>,256,32,128,64,1,1,1,1,"['--iree-hal-target-device=hip', '--iree-hip-target=gfx942', '--compile-from=executable-sources']",318,True,"['--input=1', '--benchmark_repetitions=3']",True,hip://7,True,352.5,1003.33,269.67,2.84634,308,630,322,204,302.06,,tuning_2025_09_29_16_28/candidates/specs/318_spec.mlir
compute_gemm_4096_4096_8192_f8E4M3FNUZ_f32_tB,319,contraction,sharkmi300x-4,gfx942,4096,4096,8192,64,32,16,8,8,0,0,0,"[0, 1]",LLVMGPUVectorDistribute,"PipelineOptionsSearchSpace(prefetch_shared_memory=[True], no_reduce_shared_memory_bank_conflicts=[None], use_igemm_convolution=[None])",[2],,#iree_gpu.mma_layout<MFMA_F32_32x32x16_F8E4M3FNUZ>,512,64,32,128,4,1,4,2,"['--iree-hal-target-device=hip', '--iree-hip-target=gfx942', '--compile-from=executable-sources']",319,True,"['--input=1', '--benchmark_repetitions=3']",True,hip://5,True,360.33,646.0,269.67,1.79278,279,431,152,204,302.06,,tuning_2025_09_29_16_28/candidates/specs/319_spec.mlir
compute_gemm_4096_4096_8192_f8E4M3FNUZ_f32_tB,320,contraction,sharkmi300x-4,gfx942,4096,4096,8192,64,16,32,8,8,0,0,0,"[0, 1]",LLVMGPUVectorDistribute,"PipelineOptionsSearchSpace(prefetch_shared_memory=[True], no_reduce_shared_memory_bank_conflicts=[None], use_igemm_convolution=[None])",[2],,#iree_gpu.mma_layout<MFMA_F32_16x16x32_F8E4M3FNUZ>,256,64,64,64,4,1,4,1,"['--iree-hal-target-device=hip', '--iree-hip-target=gfx942', '--compile-from=executable-sources']",320,True,"['--input=1', '--benchmark_repetitions=3']",True,hip://2,True,357.5,378.67,269.67,1.05921,278,125,153,204,302.06,,tuning_2025_09_29_16_28/candidates/specs/320_spec.mlir
compute_gemm_4096_4096_8192_f8E4M3FNUZ_f32_tB,321,contraction,sharkmi300x-4,gfx942,4096,4096,8192,64,16,32,8,8,0,0,0,"[0, 1]",LLVMGPUVectorDistribute,"PipelineOptionsSearchSpace(prefetch_shared_memory=[True], no_reduce_shared_memory_bank_conflicts=[None], use_igemm_convolution=[None])",[2],,#iree_gpu.mma_layout<MFMA_F32_16x16x32_F8E4M3FNUZ>,512,64,64,64,8,1,8,1,"['--iree-hal-target-device=hip', '--iree-hip-target=gfx942', '--compile-from=executable-sources']",321,True,"['--input=1', '--benchmark_repetitions=3']",True,hip://6,True,357.33,463.67,269.67,1.29757,281,237,44,204,302.06,,tuning_2025_09_29_16_28/candidates/specs/321_spec.mlir
compute_gemm_4096_4096_8192_f8E4M3FNUZ_f32_tB,322,contraction,sharkmi300x-4,gfx942,4096,4096,8192,64,16,32,8,8,0,0,0,"[0, 1]",LLVMGPUVectorDistribute,"PipelineOptionsSearchSpace(prefetch_shared_memory=[True], no_reduce_shared_memory_bank_conflicts=[None], use_igemm_convolution=[None])",[2],,#iree_gpu.mma_layout<MFMA_F32_16x16x32_F8E4M3FNUZ>,512,256,32,64,2,1,2,1,"['--iree-hal-target-device=hip', '--iree-hip-target=gfx942', '--compile-from=executable-sources']",322,True,"['--input=1', '--benchmark_repetitions=3']",True,hip://2,True,357.5,14000.0,269.67,39.16084,568,918,350,204,302.06,,tuning_2025_09_29_16_28/candidates/specs/322_spec.mlir
compute_gemm_4096_4096_8192_f8E4M3FNUZ_f32_tB,323,contraction,sharkmi300x-4,gfx942,4096,4096,8192,64,32,16,8,8,0,0,0,"[0, 1]",LLVMGPUVectorDistribute,"PipelineOptionsSearchSpace(prefetch_shared_memory=[True], no_reduce_shared_memory_bank_conflicts=[None], use_igemm_convolution=[None])",[2],,#iree_gpu.mma_layout<MFMA_F32_32x32x16_F8E4M3FNUZ>,64,64,32,64,1,1,1,1,"['--iree-hal-target-device=hip', '--iree-hip-target=gfx942', '--compile-from=executable-sources']",323,True,"['--input=1', '--benchmark_repetitions=3']",True,hip://5,True,360.33,983.33,269.67,2.72895,282,611,329,204,302.06,,tuning_2025_09_29_16_28/candidates/specs/323_spec.mlir
compute_gemm_4096_4096_8192_f8E4M3FNUZ_f32_tB,324,contraction,sharkmi300x-4,gfx942,4096,4096,8192,64,16,32,8,8,0,0,0,"[0, 1]",LLVMGPUVectorDistribute,"PipelineOptionsSearchSpace(prefetch_shared_memory=[True], no_reduce_shared_memory_bank_conflicts=[None], use_igemm_convolution=[None])",[2],,#iree_gpu.mma_layout<MFMA_F32_16x16x32_F8E4M3FNUZ>,256,512,32,256,2,1,2,4,"['--iree-hal-target-device=hip', '--iree-hip-target=gfx942', '--compile-from=executable-sources']",324,True,"['--input=1', '--benchmark_repetitions=3']",True,hip://6,True,357.33,1956.67,269.67,5.47575,317,762,445,204,302.06,,tuning_2025_09_29_16_28/candidates/specs/324_spec.mlir
compute_gemm_4096_4096_8192_f8E4M3FNUZ_f32_tB,325,contraction,sharkmi300x-4,gfx942,4096,4096,8192,64,16,32,8,8,0,0,0,"[0, 1]",LLVMGPUVectorDistribute,"PipelineOptionsSearchSpace(prefetch_shared_memory=[True], no_reduce_shared_memory_bank_conflicts=[None], use_igemm_convolution=[None])",[2],,#iree_gpu.mma_layout<MFMA_F32_16x16x32_F8E4M3FNUZ>,512,32,32,128,1,1,1,2,"['--iree-hal-target-device=hip', '--iree-hip-target=gfx942', '--compile-from=executable-sources']",325,True,"['--input=1', '--benchmark_repetitions=3']",True,hip://7,True,352.5,1150.0,269.67,3.26241,296,671,375,204,302.06,,tuning_2025_09_29_16_28/candidates/specs/325_spec.mlir
compute_gemm_4096_4096_8192_f8E4M3FNUZ_f32_tB,326,contraction,sharkmi300x-4,gfx942,4096,4096,8192,64,32,16,8,8,0,0,0,"[0, 1]",LLVMGPUVectorDistribute,"PipelineOptionsSearchSpace(prefetch_shared_memory=[True], no_reduce_shared_memory_bank_conflicts=[None], use_igemm_convolution=[None])",[2],,#iree_gpu.mma_layout<MFMA_F32_32x32x16_F8E4M3FNUZ>,512,32,32,64,4,1,4,1,"['--iree-hal-target-device=hip', '--iree-hip-target=gfx942', '--compile-from=executable-sources']",326,True,"['--input=1', '--benchmark_repetitions=3']",True,hip://7,True,352.5,1010.0,269.67,2.86525,284,637,353,204,302.06,,tuning_2025_09_29_16_28/candidates/specs/326_spec.mlir
compute_gemm_4096_4096_8192_f8E4M3FNUZ_f32_tB,327,contraction,sharkmi300x-4,gfx942,4096,4096,8192,64,32,16,8,8,0,0,0,"[0, 1]",LLVMGPUVectorDistribute,"PipelineOptionsSearchSpace(prefetch_shared_memory=[True], no_reduce_shared_memory_bank_conflicts=[None], use_igemm_convolution=[None])",[2],,#iree_gpu.mma_layout<MFMA_F32_32x32x16_F8E4M3FNUZ>,128,128,128,64,2,1,2,1,"['--iree-hal-target-device=hip', '--iree-hip-target=gfx942', '--compile-from=executable-sources']",327,True,"['--input=1', '--benchmark_repetitions=3']",True,hip://2,True,357.5,474.67,269.67,1.32774,307,250,57,204,302.06,,tuning_2025_09_29_16_28/candidates/specs/327_spec.mlir
compute_gemm_4096_4096_8192_f8E4M3FNUZ_f32_tB,328,contraction,sharkmi300x-4,gfx942,4096,4096,8192,64,16,32,8,8,0,0,0,"[0, 1]",LLVMGPUVectorDistribute,"PipelineOptionsSearchSpace(prefetch_shared_memory=[True], no_reduce_shared_memory_bank_conflicts=[None], use_igemm_convolution=[None])",[2],,#iree_gpu.mma_layout<MFMA_F32_16x16x32_F8E4M3FNUZ>,256,128,128,64,4,1,4,1,"['--iree-hal-target-device=hip', '--iree-hip-target=gfx942', '--compile-from=executable-sources']",328,True,"['--input=1', '--benchmark_repetitions=3']",True,hip://6,True,357.33,389.33,269.67,1.08955,309,139,170,204,302.06,,tuning_2025_09_29_16_28/candidates/specs/328_spec.mlir
compute_gemm_4096_4096_8192_f8E4M3FNUZ_f32_tB,329,contraction,sharkmi300x-4,gfx942,4096,4096,8192,64,16,32,8,8,0,0,0,"[0, 1]",LLVMGPUVectorDistribute,"PipelineOptionsSearchSpace(prefetch_shared_memory=[True], no_reduce_shared_memory_bank_conflicts=[None], use_igemm_convolution=[None])",[2],,#iree_gpu.mma_layout<MFMA_F32_16x16x32_F8E4M3FNUZ>,256,64,128,64,1,1,1,1,"['--iree-hal-target-device=hip', '--iree-hip-target=gfx942', '--compile-from=executable-sources']",329,True,"['--input=1', '--benchmark_repetitions=3']",True,hip://5,True,360.33,4036.67,269.67,11.20259,361,814,453,204,302.06,,tuning_2025_09_29_16_28/candidates/specs/329_spec.mlir
compute_gemm_4096_4096_8192_f8E4M3FNUZ_f32_tB,330,contraction,sharkmi300x-4,gfx942,4096,4096,8192,64,32,16,8,8,0,0,0,"[0, 1]",LLVMGPUVectorDistribute,"PipelineOptionsSearchSpace(prefetch_shared_memory=[True], no_reduce_shared_memory_bank_conflicts=[None], use_igemm_convolution=[None])",[2],,#iree_gpu.mma_layout<MFMA_F32_32x32x16_F8E4M3FNUZ>,512,256,32,64,1,1,1,1,"['--iree-hal-target-device=hip', '--iree-hip-target=gfx942', '--compile-from=executable-sources']",330,True,"['--input=1', '--benchmark_repetitions=3']",True,hip://2,True,357.5,31100.0,269.67,86.99301,929,951,22,204,302.06,,tuning_2025_09_29_16_28/candidates/specs/330_spec.mlir
compute_gemm_4096_4096_8192_f8E4M3FNUZ_f32_tB,331,contraction,sharkmi300x-4,gfx942,4096,4096,8192,64,16,32,8,8,0,0,0,"[0, 1]",LLVMGPUVectorDistribute,"PipelineOptionsSearchSpace(prefetch_shared_memory=[True], no_reduce_shared_memory_bank_conflicts=[None], use_igemm_convolution=[None])",[2],,#iree_gpu.mma_layout<MFMA_F32_16x16x32_F8E4M3FNUZ>,512,32,32,128,2,1,2,2,"['--iree-hal-target-device=hip', '--iree-hip-target=gfx942', '--compile-from=executable-sources']",331,True,"['--input=1', '--benchmark_repetitions=3']",True,hip://2,True,357.5,1026.67,269.67,2.87179,287,638,351,204,302.06,,tuning_2025_09_29_16_28/candidates/specs/331_spec.mlir
compute_gemm_4096_4096_8192_f8E4M3FNUZ_f32_tB,332,contraction,sharkmi300x-4,gfx942,4096,4096,8192,64,32,16,8,8,0,0,0,"[0, 1]",LLVMGPUVectorDistribute,"PipelineOptionsSearchSpace(prefetch_shared_memory=[True], no_reduce_shared_memory_bank_conflicts=[None], use_igemm_convolution=[None])",[2],,#iree_gpu.mma_layout<MFMA_F32_32x32x16_F8E4M3FNUZ>,64,256,128,128,1,1,1,2,"['--iree-hal-target-device=hip', '--iree-hip-target=gfx942', '--compile-from=executable-sources']",332,True,"['--input=1', '--benchmark_repetitions=3']",True,hip://7,True,352.5,539.33,269.67,1.53002,312,364,52,204,302.06,,tuning_2025_09_29_16_28/candidates/specs/332_spec.mlir
compute_gemm_4096_4096_8192_f8E4M3FNUZ_f32_tB,333,contraction,sharkmi300x-4,gfx942,4096,4096,8192,64,16,32,8,8,0,0,0,"[0, 1]",LLVMGPUVectorDistribute,"PipelineOptionsSearchSpace(prefetch_shared_memory=[True], no_reduce_shared_memory_bank_conflicts=[None], use_igemm_convolution=[None])",[2],,#iree_gpu.mma_layout<MFMA_F32_16x16x32_F8E4M3FNUZ>,256,64,32,256,1,1,1,4,"['--iree-hal-target-device=hip', '--iree-hip-target=gfx942', '--compile-from=executable-sources']",333,True,"['--input=1', '--benchmark_repetitions=3']",True,hip://5,True,360.33,718.33,269.67,1.99352,290,497,207,204,302.06,,tuning_2025_09_29_16_28/candidates/specs/333_spec.mlir
compute_gemm_4096_4096_8192_f8E4M3FNUZ_f32_tB,334,contraction,sharkmi300x-4,gfx942,4096,4096,8192,64,32,16,8,8,0,0,0,"[0, 1]",LLVMGPUVectorDistribute,"PipelineOptionsSearchSpace(prefetch_shared_memory=[True], no_reduce_shared_memory_bank_conflicts=[None], use_igemm_convolution=[None])",[2],,#iree_gpu.mma_layout<MFMA_F32_32x32x16_F8E4M3FNUZ>,128,64,256,64,1,1,1,1,"['--iree-hal-target-device=hip', '--iree-hip-target=gfx942', '--compile-from=executable-sources']",334,True,"['--input=1', '--benchmark_repetitions=3']",True,hip://5,True,360.33,810.0,269.67,2.24792,338,535,197,204,302.06,,tuning_2025_09_29_16_28/candidates/specs/334_spec.mlir
compute_gemm_4096_4096_8192_f8E4M3FNUZ_f32_tB,335,contraction,sharkmi300x-4,gfx942,4096,4096,8192,64,32,16,8,8,0,0,0,"[0, 1]",LLVMGPUVectorDistribute,"PipelineOptionsSearchSpace(prefetch_shared_memory=[True], no_reduce_shared_memory_bank_conflicts=[None], use_igemm_convolution=[None])",[2],,#iree_gpu.mma_layout<MFMA_F32_32x32x16_F8E4M3FNUZ>,128,64,128,64,2,1,2,1,"['--iree-hal-target-device=hip', '--iree-hip-target=gfx942', '--compile-from=executable-sources']",335,True,"['--input=1', '--benchmark_repetitions=3']",True,hip://5,True,360.33,346.0,269.67,0.96022,294,78,216,204,302.06,,tuning_2025_09_29_16_28/candidates/specs/335_spec.mlir
compute_gemm_4096_4096_8192_f8E4M3FNUZ_f32_tB,336,contraction,sharkmi300x-4,gfx942,4096,4096,8192,64,16,32,8,8,0,0,0,"[0, 1]",LLVMGPUVectorDistribute,"PipelineOptionsSearchSpace(prefetch_shared_memory=[True], no_reduce_shared_memory_bank_conflicts=[None], use_igemm_convolution=[None])",[2],,#iree_gpu.mma_layout<MFMA_F32_16x16x32_F8E4M3FNUZ>,128,512,64,64,2,1,2,1,"['--iree-hal-target-device=hip', '--iree-hip-target=gfx942', '--compile-from=executable-sources']",336,True,"['--input=1', '--benchmark_repetitions=3']",True,hip://6,True,357.33,5156.67,269.67,14.43097,418,818,400,204,302.06,,tuning_2025_09_29_16_28/candidates/specs/336_spec.mlir
compute_gemm_4096_4096_8192_f8E4M3FNUZ_f32_tB,337,contraction,sharkmi300x-4,gfx942,4096,4096,8192,64,32,16,8,8,0,0,0,"[0, 1]",LLVMGPUVectorDistribute,"PipelineOptionsSearchSpace(prefetch_shared_memory=[True], no_reduce_shared_memory_bank_conflicts=[None], use_igemm_convolution=[None])",[2],,#iree_gpu.mma_layout<MFMA_F32_32x32x16_F8E4M3FNUZ>,256,64,32,128,2,1,2,2,"['--iree-hal-target-device=hip', '--iree-hip-target=gfx942', '--compile-from=executable-sources']",337,True,"['--input=1', '--benchmark_repetitions=3']",True,hip://6,True,357.33,724.0,269.67,2.02612,293,503,210,204,302.06,,tuning_2025_09_29_16_28/candidates/specs/337_spec.mlir
compute_gemm_4096_4096_8192_f8E4M3FNUZ_f32_tB,338,contraction,sharkmi300x-4,gfx942,4096,4096,8192,64,16,32,8,8,0,0,0,"[0, 1]",LLVMGPUVectorDistribute,"PipelineOptionsSearchSpace(prefetch_shared_memory=[True], no_reduce_shared_memory_bank_conflicts=[None], use_igemm_convolution=[None])",[2],,#iree_gpu.mma_layout<MFMA_F32_16x16x32_F8E4M3FNUZ>,128,256,64,128,2,1,2,2,"['--iree-hal-target-device=hip', '--iree-hip-target=gfx942', '--compile-from=executable-sources']",338,True,"['--input=1', '--benchmark_repetitions=3']",True,hip://5,True,360.33,305.0,269.67,0.84644,314,16,298,204,302.06,,tuning_2025_09_29_16_28/candidates/specs/338_spec.mlir
compute_gemm_4096_4096_8192_f8E4M3FNUZ_f32_tB,339,contraction,sharkmi300x-4,gfx942,4096,4096,8192,64,32,16,8,8,0,0,0,"[0, 1]",LLVMGPUVectorDistribute,"PipelineOptionsSearchSpace(prefetch_shared_memory=[True], no_reduce_shared_memory_bank_conflicts=[None], use_igemm_convolution=[None])",[2],,#iree_gpu.mma_layout<MFMA_F32_32x32x16_F8E4M3FNUZ>,128,64,32,128,1,1,1,2,"['--iree-hal-target-device=hip', '--iree-hip-target=gfx942', '--compile-from=executable-sources']",339,True,"['--input=1', '--benchmark_repetitions=3']",True,hip://2,True,357.5,774.0,269.67,2.16503,299,529,230,204,302.06,,tuning_2025_09_29_16_28/candidates/specs/339_spec.mlir
compute_gemm_4096_4096_8192_f8E4M3FNUZ_f32_tB,340,contraction,sharkmi300x-4,gfx942,4096,4096,8192,64,32,16,8,8,0,0,0,"[0, 1]",LLVMGPUVectorDistribute,"PipelineOptionsSearchSpace(prefetch_shared_memory=[True], no_reduce_shared_memory_bank_conflicts=[None], use_igemm_convolution=[None])",[2],,#iree_gpu.mma_layout<MFMA_F32_32x32x16_F8E4M3FNUZ>,64,256,64,256,1,1,1,4,"['--iree-hal-target-device=hip', '--iree-hip-target=gfx942', '--compile-from=executable-sources']",340,True,"['--input=1', '--benchmark_repetitions=3']",True,hip://2,True,357.5,362.33,269.67,1.01352,303,104,199,204,302.06,,tuning_2025_09_29_16_28/candidates/specs/340_spec.mlir
compute_gemm_4096_4096_8192_f8E4M3FNUZ_f32_tB,341,contraction,sharkmi300x-4,gfx942,4096,4096,8192,64,16,32,8,8,0,0,0,"[0, 1]",LLVMGPUVectorDistribute,"PipelineOptionsSearchSpace(prefetch_shared_memory=[True], no_reduce_shared_memory_bank_conflicts=[None], use_igemm_convolution=[None])",[2],,#iree_gpu.mma_layout<MFMA_F32_16x16x32_F8E4M3FNUZ>,128,256,32,64,2,1,2,1,"['--iree-hal-target-device=hip', '--iree-hip-target=gfx942', '--compile-from=executable-sources']",341,True,"['--input=1', '--benchmark_repetitions=3']",True,hip://7,True,352.5,2496.67,269.67,7.08274,340,788,448,204,302.06,,tuning_2025_09_29_16_28/candidates/specs/341_spec.mlir
compute_gemm_4096_4096_8192_f8E4M3FNUZ_f32_tB,342,contraction,sharkmi300x-4,gfx942,4096,4096,8192,64,16,32,8,8,0,0,0,"[0, 1]",LLVMGPUVectorDistribute,"PipelineOptionsSearchSpace(prefetch_shared_memory=[True], no_reduce_shared_memory_bank_conflicts=[None], use_igemm_convolution=[None])",[2],,#iree_gpu.mma_layout<MFMA_F32_16x16x32_F8E4M3FNUZ>,64,16,32,64,4,1,4,1,"['--iree-hal-target-device=hip', '--iree-hip-target=gfx942', '--compile-from=executable-sources']",342,True,"['--input=1', '--benchmark_repetitions=3']",True,hip://7,True,352.5,1780.0,269.67,5.04965,292,741,449,204,302.06,,tuning_2025_09_29_16_28/candidates/specs/342_spec.mlir
compute_gemm_4096_4096_8192_f8E4M3FNUZ_f32_tB,343,contraction,sharkmi300x-4,gfx942,4096,4096,8192,64,16,32,8,8,0,0,0,"[0, 1]",LLVMGPUVectorDistribute,"PipelineOptionsSearchSpace(prefetch_shared_memory=[True], no_reduce_shared_memory_bank_conflicts=[None], use_igemm_convolution=[None])",[2],,#iree_gpu.mma_layout<MFMA_F32_16x16x32_F8E4M3FNUZ>,128,16,256,64,8,1,8,1,"['--iree-hal-target-device=hip', '--iree-hip-target=gfx942', '--compile-from=executable-sources']",343,True,"['--input=1', '--benchmark_repetitions=3']",True,hip://5,True,360.33,782.0,269.67,2.17021,298,531,233,204,302.06,,tuning_2025_09_29_16_28/candidates/specs/343_spec.mlir
compute_gemm_4096_4096_8192_f8E4M3FNUZ_f32_tB,344,contraction,sharkmi300x-4,gfx942,4096,4096,8192,64,16,32,8,8,0,0,0,"[0, 1]",LLVMGPUVectorDistribute,"PipelineOptionsSearchSpace(prefetch_shared_memory=[True], no_reduce_shared_memory_bank_conflicts=[None], use_igemm_convolution=[None])",[2],,#iree_gpu.mma_layout<MFMA_F32_16x16x32_F8E4M3FNUZ>,64,128,32,64,2,1,2,1,"['--iree-hal-target-device=hip', '--iree-hip-target=gfx942', '--compile-from=executable-sources']",344,True,"['--input=1', '--benchmark_repetitions=3']",True,hip://5,True,360.33,663.67,269.67,1.84181,306,462,156,204,302.06,,tuning_2025_09_29_16_28/candidates/specs/344_spec.mlir
compute_gemm_4096_4096_8192_f8E4M3FNUZ_f32_tB,345,contraction,sharkmi300x-4,gfx942,4096,4096,8192,64,16,32,8,8,0,0,0,"[0, 1]",LLVMGPUVectorDistribute,"PipelineOptionsSearchSpace(prefetch_shared_memory=[True], no_reduce_shared_memory_bank_conflicts=[None], use_igemm_convolution=[None])",[2],,#iree_gpu.mma_layout<MFMA_F32_16x16x32_F8E4M3FNUZ>,64,128,256,128,1,1,1,2,"['--iree-hal-target-device=hip', '--iree-hip-target=gfx942', '--compile-from=executable-sources']",345,True,"['--input=1', '--benchmark_repetitions=3']",True,hip://6,True,357.33,537.0,269.67,1.5028,321,346,25,204,302.06,,tuning_2025_09_29_16_28/candidates/specs/345_spec.mlir
compute_gemm_4096_4096_8192_f8E4M3FNUZ_f32_tB,346,contraction,sharkmi300x-4,gfx942,4096,4096,8192,64,32,16,8,8,0,0,0,"[0, 1]",LLVMGPUVectorDistribute,"PipelineOptionsSearchSpace(prefetch_shared_memory=[True], no_reduce_shared_memory_bank_conflicts=[None], use_igemm_convolution=[None])",[2],,#iree_gpu.mma_layout<MFMA_F32_32x32x16_F8E4M3FNUZ>,64,32,64,64,1,1,1,1,"['--iree-hal-target-device=hip', '--iree-hip-target=gfx942', '--compile-from=executable-sources']",346,True,"['--input=1', '--benchmark_repetitions=3']",True,hip://5,True,360.33,707.0,269.67,1.96207,302,486,184,204,302.06,,tuning_2025_09_29_16_28/candidates/specs/346_spec.mlir
compute_gemm_4096_4096_8192_f8E4M3FNUZ_f32_tB,347,contraction,sharkmi300x-4,gfx942,4096,4096,8192,64,32,16,8,8,0,0,0,"[0, 1]",LLVMGPUVectorDistribute,"PipelineOptionsSearchSpace(prefetch_shared_memory=[True], no_reduce_shared_memory_bank_conflicts=[None], use_igemm_convolution=[None])",[2],,#iree_gpu.mma_layout<MFMA_F32_32x32x16_F8E4M3FNUZ>,128,64,128,64,4,1,4,1,"['--iree-hal-target-device=hip', '--iree-hip-target=gfx942', '--compile-from=executable-sources']",347,True,"['--input=1', '--benchmark_repetitions=3']",True,hip://6,True,357.33,319.0,269.67,0.89272,305,38,267,204,302.06,,tuning_2025_09_29_16_28/candidates/specs/347_spec.mlir
compute_gemm_4096_4096_8192_f8E4M3FNUZ_f32_tB,348,contraction,sharkmi300x-4,gfx942,4096,4096,8192,64,16,32,8,8,0,0,0,"[0, 1]",LLVMGPUVectorDistribute,"PipelineOptionsSearchSpace(prefetch_shared_memory=[True], no_reduce_shared_memory_bank_conflicts=[None], use_igemm_convolution=[None])",[2],,#iree_gpu.mma_layout<MFMA_F32_16x16x32_F8E4M3FNUZ>,32,128,64,128,1,1,1,2,"['--iree-hal-target-device=hip', '--iree-hip-target=gfx942', '--compile-from=executable-sources']",348,True,"['--input=1', '--benchmark_repetitions=3']",True,hip://2,True,357.5,535.67,269.67,1.49837,311,342,31,204,302.06,,tuning_2025_09_29_16_28/candidates/specs/348_spec.mlir
compute_gemm_4096_4096_8192_f8E4M3FNUZ_f32_tB,349,contraction,sharkmi300x-4,gfx942,4096,4096,8192,64,16,32,8,8,0,0,0,"[0, 1]",LLVMGPUVectorDistribute,"PipelineOptionsSearchSpace(prefetch_shared_memory=[True], no_reduce_shared_memory_bank_conflicts=[None], use_igemm_convolution=[None])",[2],,#iree_gpu.mma_layout<MFMA_F32_16x16x32_F8E4M3FNUZ>,256,128,128,256,1,1,1,4,"['--iree-hal-target-device=hip', '--iree-hip-target=gfx942', '--compile-from=executable-sources']",349,True,"['--input=1', '--benchmark_repetitions=3']",True,hip://7,True,352.5,402.33,269.67,1.14137,336,171,165,204,302.06,,tuning_2025_09_29_16_28/candidates/specs/349_spec.mlir
compute_gemm_4096_4096_8192_f8E4M3FNUZ_f32_tB,350,contraction,sharkmi300x-4,gfx942,4096,4096,8192,64,16,32,8,8,0,0,0,"[0, 1]",LLVMGPUVectorDistribute,"PipelineOptionsSearchSpace(prefetch_shared_memory=[True], no_reduce_shared_memory_bank_conflicts=[None], use_igemm_convolution=[None])",[2],,#iree_gpu.mma_layout<MFMA_F32_16x16x32_F8E4M3FNUZ>,128,128,128,64,8,1,8,1,"['--iree-hal-target-device=hip', '--iree-hip-target=gfx942', '--compile-from=executable-sources']",350,True,"['--input=1', '--benchmark_repetitions=3']",True,hip://2,True,357.5,361.67,269.67,1.01166,315,101,214,204,302.06,,tuning_2025_09_29_16_28/candidates/specs/350_spec.mlir
compute_gemm_4096_4096_8192_f8E4M3FNUZ_f32_tB,351,contraction,sharkmi300x-4,gfx942,4096,4096,8192,64,16,32,8,8,0,0,0,"[0, 1]",LLVMGPUVectorDistribute,"PipelineOptionsSearchSpace(prefetch_shared_memory=[True], no_reduce_shared_memory_bank_conflicts=[None], use_igemm_convolution=[None])",[2],,#iree_gpu.mma_layout<MFMA_F32_16x16x32_F8E4M3FNUZ>,128,256,32,256,1,1,1,4,"['--iree-hal-target-device=hip', '--iree-hip-target=gfx942', '--compile-from=executable-sources']",351,True,"['--input=1', '--benchmark_repetitions=3']",True,hip://6,True,357.33,389.67,269.67,1.09049,329,140,189,204,302.06,,tuning_2025_09_29_16_28/candidates/specs/351_spec.mlir
compute_gemm_4096_4096_8192_f8E4M3FNUZ_f32_tB,352,contraction,sharkmi300x-4,gfx942,4096,4096,8192,64,32,16,8,8,0,0,0,"[0, 1]",LLVMGPUVectorDistribute,"PipelineOptionsSearchSpace(prefetch_shared_memory=[True], no_reduce_shared_memory_bank_conflicts=[None], use_igemm_convolution=[None])",[2],,#iree_gpu.mma_layout<MFMA_F32_32x32x16_F8E4M3FNUZ>,256,32,32,64,1,1,1,1,"['--iree-hal-target-device=hip', '--iree-hip-target=gfx942', '--compile-from=executable-sources']",352,True,"['--input=1', '--benchmark_repetitions=3']",True,hip://2,True,357.5,1223.33,269.67,3.42191,332,682,350,204,302.06,,tuning_2025_09_29_16_28/candidates/specs/352_spec.mlir
compute_gemm_4096_4096_8192_f8E4M3FNUZ_f32_tB,353,contraction,sharkmi300x-4,gfx942,4096,4096,8192,64,32,16,8,8,0,0,0,"[0, 1]",LLVMGPUVectorDistribute,"PipelineOptionsSearchSpace(prefetch_shared_memory=[True], no_reduce_shared_memory_bank_conflicts=[None], use_igemm_convolution=[None])",[2],,#iree_gpu.mma_layout<MFMA_F32_32x32x16_F8E4M3FNUZ>,64,128,256,64,1,1,1,1,"['--iree-hal-target-device=hip', '--iree-hip-target=gfx942', '--compile-from=executable-sources']",353,True,"['--input=1', '--benchmark_repetitions=3']",True,hip://6,True,357.33,766.67,269.67,2.14552,362,526,164,204,302.06,,tuning_2025_09_29_16_28/candidates/specs/353_spec.mlir
compute_gemm_4096_4096_8192_f8E4M3FNUZ_f32_tB,354,contraction,sharkmi300x-4,gfx942,4096,4096,8192,64,16,32,8,8,0,0,0,"[0, 1]",LLVMGPUVectorDistribute,"PipelineOptionsSearchSpace(prefetch_shared_memory=[True], no_reduce_shared_memory_bank_conflicts=[None], use_igemm_convolution=[None])",[2],,#iree_gpu.mma_layout<MFMA_F32_16x16x32_F8E4M3FNUZ>,512,64,64,256,1,1,1,4,"['--iree-hal-target-device=hip', '--iree-hip-target=gfx942', '--compile-from=executable-sources']",354,True,"['--input=1', '--benchmark_repetitions=3']",True,hip://2,True,357.5,666.0,269.67,1.86294,343,466,123,204,302.06,,tuning_2025_09_29_16_28/candidates/specs/354_spec.mlir
compute_gemm_4096_4096_8192_f8E4M3FNUZ_f32_tB,355,contraction,sharkmi300x-4,gfx942,4096,4096,8192,64,16,32,8,8,0,0,0,"[0, 1]",LLVMGPUVectorDistribute,"PipelineOptionsSearchSpace(prefetch_shared_memory=[True], no_reduce_shared_memory_bank_conflicts=[None], use_igemm_convolution=[None])",[2],,#iree_gpu.mma_layout<MFMA_F32_16x16x32_F8E4M3FNUZ>,512,128,64,64,2,1,2,1,"['--iree-hal-target-device=hip', '--iree-hip-target=gfx942', '--compile-from=executable-sources']",355,True,"['--input=1', '--benchmark_repetitions=3']",True,hip://7,True,352.5,5230.0,269.67,14.83688,460,819,359,204,302.06,,tuning_2025_09_29_16_28/candidates/specs/355_spec.mlir
compute_gemm_4096_4096_8192_f8E4M3FNUZ_f32_tB,356,contraction,sharkmi300x-4,gfx942,4096,4096,8192,64,32,16,8,8,0,0,0,"[0, 1]",LLVMGPUVectorDistribute,"PipelineOptionsSearchSpace(prefetch_shared_memory=[True], no_reduce_shared_memory_bank_conflicts=[None], use_igemm_convolution=[None])",[2],,#iree_gpu.mma_layout<MFMA_F32_32x32x16_F8E4M3FNUZ>,128,512,64,64,1,1,1,1,"['--iree-hal-target-device=hip', '--iree-hip-target=gfx942', '--compile-from=executable-sources']",356,True,"['--input=1', '--benchmark_repetitions=3']",True,hip://2,True,357.5,12700.0,269.67,35.52448,612,909,297,204,302.06,,tuning_2025_09_29_16_28/candidates/specs/356_spec.mlir
compute_gemm_4096_4096_8192_f8E4M3FNUZ_f32_tB,357,contraction,sharkmi300x-4,gfx942,4096,4096,8192,64,16,32,8,8,0,0,0,"[0, 1]",LLVMGPUVectorDistribute,"PipelineOptionsSearchSpace(prefetch_shared_memory=[True], no_reduce_shared_memory_bank_conflicts=[None], use_igemm_convolution=[None])",[2],,#iree_gpu.mma_layout<MFMA_F32_16x16x32_F8E4M3FNUZ>,64,256,32,128,4,1,4,2,"['--iree-hal-target-device=hip', '--iree-hip-target=gfx942', '--compile-from=executable-sources']",357,True,"['--input=1', '--benchmark_repetitions=3']",True,hip://5,True,360.33,562.0,269.67,1.55967,318,374,56,204,302.06,,tuning_2025_09_29_16_28/candidates/specs/357_spec.mlir
compute_gemm_4096_4096_8192_f8E4M3FNUZ_f32_tB,358,contraction,sharkmi300x-4,gfx942,4096,4096,8192,64,32,16,8,8,0,0,0,"[0, 1]",LLVMGPUVectorDistribute,"PipelineOptionsSearchSpace(prefetch_shared_memory=[True], no_reduce_shared_memory_bank_conflicts=[None], use_igemm_convolution=[None])",[2],,#iree_gpu.mma_layout<MFMA_F32_32x32x16_F8E4M3FNUZ>,256,128,64,64,2,1,2,1,"['--iree-hal-target-device=hip', '--iree-hip-target=gfx942', '--compile-from=executable-sources']",358,True,"['--input=1', '--benchmark_repetitions=3']",True,hip://6,True,357.33,327.0,269.67,0.91511,370,53,317,204,302.06,,tuning_2025_09_29_16_28/candidates/specs/358_spec.mlir
compute_gemm_4096_4096_8192_f8E4M3FNUZ_f32_tB,359,contraction,sharkmi300x-4,gfx942,4096,4096,8192,64,16,32,8,8,0,0,0,"[0, 1]",LLVMGPUVectorDistribute,"PipelineOptionsSearchSpace(prefetch_shared_memory=[True], no_reduce_shared_memory_bank_conflicts=[None], use_igemm_convolution=[None])",[2],,#iree_gpu.mma_layout<MFMA_F32_16x16x32_F8E4M3FNUZ>,64,16,256,64,1,1,1,1,"['--iree-hal-target-device=hip', '--iree-hip-target=gfx942', '--compile-from=executable-sources']",359,True,"['--input=1', '--benchmark_repetitions=3']",True,hip://6,True,357.33,700.0,269.67,1.95896,325,485,160,204,302.06,,tuning_2025_09_29_16_28/candidates/specs/359_spec.mlir
compute_gemm_4096_4096_8192_f8E4M3FNUZ_f32_tB,360,contraction,sharkmi300x-4,gfx942,4096,4096,8192,64,32,16,8,8,0,0,0,"[0, 1]",LLVMGPUVectorDistribute,"PipelineOptionsSearchSpace(prefetch_shared_memory=[True], no_reduce_shared_memory_bank_conflicts=[None], use_igemm_convolution=[None])",[2],,#iree_gpu.mma_layout<MFMA_F32_32x32x16_F8E4M3FNUZ>,32,512,64,512,1,1,1,8,"['--iree-hal-target-device=hip', '--iree-hip-target=gfx942', '--compile-from=executable-sources']",360,True,"['--input=1', '--benchmark_repetitions=3']",True,hip://7,True,352.5,675.33,269.67,1.91584,319,479,160,204,302.06,,tuning_2025_09_29_16_28/candidates/specs/360_spec.mlir
compute_gemm_4096_4096_8192_f8E4M3FNUZ_f32_tB,361,contraction,sharkmi300x-4,gfx942,4096,4096,8192,64,16,32,8,8,0,0,0,"[0, 1]",LLVMGPUVectorDistribute,"PipelineOptionsSearchSpace(prefetch_shared_memory=[True], no_reduce_shared_memory_bank_conflicts=[None], use_igemm_convolution=[None])",[2],,#iree_gpu.mma_layout<MFMA_F32_16x16x32_F8E4M3FNUZ>,128,128,32,128,2,1,2,2,"['--iree-hal-target-device=hip', '--iree-hip-target=gfx942', '--compile-from=executable-sources']",361,True,"['--input=1', '--benchmark_repetitions=3']",True,hip://7,True,352.5,528.67,269.67,1.49976,323,344,21,204,302.06,,tuning_2025_09_29_16_28/candidates/specs/361_spec.mlir
compute_gemm_4096_4096_8192_f8E4M3FNUZ_f32_tB,362,contraction,sharkmi300x-4,gfx942,4096,4096,8192,64,32,16,8,8,0,0,0,"[0, 1]",LLVMGPUVectorDistribute,"PipelineOptionsSearchSpace(prefetch_shared_memory=[True], no_reduce_shared_memory_bank_conflicts=[None], use_igemm_convolution=[None])",[2],,#iree_gpu.mma_layout<MFMA_F32_32x32x16_F8E4M3FNUZ>,32,128,32,64,1,1,1,1,"['--iree-hal-target-device=hip', '--iree-hip-target=gfx942', '--compile-from=executable-sources']",362,True,"['--input=1', '--benchmark_repetitions=3']",True,hip://2,True,357.5,1033.33,269.67,2.89044,324,642,318,204,302.06,,tuning_2025_09_29_16_28/candidates/specs/362_spec.mlir
compute_gemm_4096_4096_8192_f8E4M3FNUZ_f32_tB,363,contraction,sharkmi300x-4,gfx942,4096,4096,8192,64,16,32,8,8,0,0,0,"[0, 1]",LLVMGPUVectorDistribute,"PipelineOptionsSearchSpace(prefetch_shared_memory=[True], no_reduce_shared_memory_bank_conflicts=[None], use_igemm_convolution=[None])",[2],,#iree_gpu.mma_layout<MFMA_F32_16x16x32_F8E4M3FNUZ>,64,128,32,64,4,1,4,1,"['--iree-hal-target-device=hip', '--iree-hip-target=gfx942', '--compile-from=executable-sources']",363,True,"['--input=1', '--benchmark_repetitions=3']",True,hip://2,True,357.5,636.0,269.67,1.77902,320,426,106,204,302.06,,tuning_2025_09_29_16_28/candidates/specs/363_spec.mlir
compute_gemm_4096_4096_8192_f8E4M3FNUZ_f32_tB,364,contraction,sharkmi300x-4,gfx942,4096,4096,8192,64,16,32,8,8,0,0,0,"[0, 1]",LLVMGPUVectorDistribute,"PipelineOptionsSearchSpace(prefetch_shared_memory=[True], no_reduce_shared_memory_bank_conflicts=[None], use_igemm_convolution=[None])",[2],,#iree_gpu.mma_layout<MFMA_F32_16x16x32_F8E4M3FNUZ>,512,256,64,128,2,1,2,2,"['--iree-hal-target-device=hip', '--iree-hip-target=gfx942', '--compile-from=executable-sources']",364,True,"['--input=1', '--benchmark_repetitions=3']",True,hip://6,True,357.33,7406.67,269.67,20.72761,480,849,369,204,302.06,,tuning_2025_09_29_16_28/candidates/specs/364_spec.mlir
compute_gemm_4096_4096_8192_f8E4M3FNUZ_f32_tB,365,contraction,sharkmi300x-4,gfx942,4096,4096,8192,64,16,32,8,8,0,0,0,"[0, 1]",LLVMGPUVectorDistribute,"PipelineOptionsSearchSpace(prefetch_shared_memory=[True], no_reduce_shared_memory_bank_conflicts=[None], use_igemm_convolution=[None])",[2],,#iree_gpu.mma_layout<MFMA_F32_16x16x32_F8E4M3FNUZ>,256,64,64,128,4,1,4,2,"['--iree-hal-target-device=hip', '--iree-hip-target=gfx942', '--compile-from=executable-sources']",365,True,"['--input=1', '--benchmark_repetitions=3']",True,hip://5,True,360.33,413.67,269.67,1.14801,326,175,151,204,302.06,,tuning_2025_09_29_16_28/candidates/specs/365_spec.mlir
compute_gemm_4096_4096_8192_f8E4M3FNUZ_f32_tB,366,contraction,sharkmi300x-4,gfx942,4096,4096,8192,64,32,16,8,8,0,0,0,"[0, 1]",LLVMGPUVectorDistribute,"PipelineOptionsSearchSpace(prefetch_shared_memory=[True], no_reduce_shared_memory_bank_conflicts=[None], use_igemm_convolution=[None])",[2],,#iree_gpu.mma_layout<MFMA_F32_32x32x16_F8E4M3FNUZ>,128,128,256,64,2,1,2,1,"['--iree-hal-target-device=hip', '--iree-hip-target=gfx942', '--compile-from=executable-sources']",366,True,"['--input=1', '--benchmark_repetitions=3']",True,hip://7,True,352.5,1020.0,269.67,2.89362,372,643,271,204,302.06,,tuning_2025_09_29_16_28/candidates/specs/366_spec.mlir
compute_gemm_4096_4096_8192_f8E4M3FNUZ_f32_tB,367,contraction,sharkmi300x-4,gfx942,4096,4096,8192,64,16,32,8,8,0,0,0,"[0, 1]",LLVMGPUVectorDistribute,"PipelineOptionsSearchSpace(prefetch_shared_memory=[True], no_reduce_shared_memory_bank_conflicts=[None], use_igemm_convolution=[None])",[2],,#iree_gpu.mma_layout<MFMA_F32_16x16x32_F8E4M3FNUZ>,32,64,32,64,1,1,1,1,"['--iree-hal-target-device=hip', '--iree-hip-target=gfx942', '--compile-from=executable-sources']",367,True,"['--input=1', '--benchmark_repetitions=3']",True,hip://5,True,360.33,1223.33,269.67,3.395,322,679,357,204,302.06,,tuning_2025_09_29_16_28/candidates/specs/367_spec.mlir
compute_gemm_4096_4096_8192_f8E4M3FNUZ_f32_tB,368,contraction,sharkmi300x-4,gfx942,4096,4096,8192,64,32,16,8,8,0,0,0,"[0, 1]",LLVMGPUVectorDistribute,"PipelineOptionsSearchSpace(prefetch_shared_memory=[True], no_reduce_shared_memory_bank_conflicts=[None], use_igemm_convolution=[None])",[2],,#iree_gpu.mma_layout<MFMA_F32_32x32x16_F8E4M3FNUZ>,256,128,32,128,2,1,2,2,"['--iree-hal-target-device=hip', '--iree-hip-target=gfx942', '--compile-from=executable-sources']",368,True,"['--input=1', '--benchmark_repetitions=3']",True,hip://6,True,357.33,536.33,269.67,1.50093,337,345,8,204,302.06,,tuning_2025_09_29_16_28/candidates/specs/368_spec.mlir
compute_gemm_4096_4096_8192_f8E4M3FNUZ_f32_tB,369,contraction,sharkmi300x-4,gfx942,4096,4096,8192,64,32,16,8,8,0,0,0,"[0, 1]",LLVMGPUVectorDistribute,"PipelineOptionsSearchSpace(prefetch_shared_memory=[True], no_reduce_shared_memory_bank_conflicts=[None], use_igemm_convolution=[None])",[2],,#iree_gpu.mma_layout<MFMA_F32_32x32x16_F8E4M3FNUZ>,128,128,128,128,4,1,4,2,"['--iree-hal-target-device=hip', '--iree-hip-target=gfx942', '--compile-from=executable-sources']",369,True,"['--input=1', '--benchmark_repetitions=3']",True,hip://7,True,352.5,332.0,269.67,0.94184,331,67,264,204,302.06,,tuning_2025_09_29_16_28/candidates/specs/369_spec.mlir
compute_gemm_4096_4096_8192_f8E4M3FNUZ_f32_tB,370,contraction,sharkmi300x-4,gfx942,4096,4096,8192,64,16,32,8,8,0,0,0,"[0, 1]",LLVMGPUVectorDistribute,"PipelineOptionsSearchSpace(prefetch_shared_memory=[True], no_reduce_shared_memory_bank_conflicts=[None], use_igemm_convolution=[None])",[2],,#iree_gpu.mma_layout<MFMA_F32_16x16x32_F8E4M3FNUZ>,64,512,32,128,1,1,1,2,"['--iree-hal-target-device=hip', '--iree-hip-target=gfx942', '--compile-from=executable-sources']",370,True,"['--input=1', '--benchmark_repetitions=3']",True,hip://5,True,360.33,816.0,269.67,2.26457,365,537,172,204,302.06,,tuning_2025_09_29_16_28/candidates/specs/370_spec.mlir
compute_gemm_4096_4096_8192_f8E4M3FNUZ_f32_tB,371,contraction,sharkmi300x-4,gfx942,4096,4096,8192,64,32,16,8,8,0,0,0,"[0, 1]",LLVMGPUVectorDistribute,"PipelineOptionsSearchSpace(prefetch_shared_memory=[True], no_reduce_shared_memory_bank_conflicts=[None], use_igemm_convolution=[None])",[2],,#iree_gpu.mma_layout<MFMA_F32_32x32x16_F8E4M3FNUZ>,64,32,32,64,2,1,2,1,"['--iree-hal-target-device=hip', '--iree-hip-target=gfx942', '--compile-from=executable-sources']",371,True,"['--input=1', '--benchmark_repetitions=3']",True,hip://7,True,352.5,1186.67,269.67,3.36643,327,676,349,204,302.06,,tuning_2025_09_29_16_28/candidates/specs/371_spec.mlir
compute_gemm_4096_4096_8192_f8E4M3FNUZ_f32_tB,372,contraction,sharkmi300x-4,gfx942,4096,4096,8192,64,16,32,8,8,0,0,0,"[0, 1]",LLVMGPUVectorDistribute,"PipelineOptionsSearchSpace(prefetch_shared_memory=[True], no_reduce_shared_memory_bank_conflicts=[None], use_igemm_convolution=[None])",[2],,#iree_gpu.mma_layout<MFMA_F32_16x16x32_F8E4M3FNUZ>,512,32,32,64,8,1,8,1,"['--iree-hal-target-device=hip', '--iree-hip-target=gfx942', '--compile-from=executable-sources']",372,True,"['--input=1', '--benchmark_repetitions=3']",True,hip://5,True,360.33,949.33,269.67,2.6346,330,596,266,204,302.06,,tuning_2025_09_29_16_28/candidates/specs/372_spec.mlir
compute_gemm_4096_4096_8192_f8E4M3FNUZ_f32_tB,373,contraction,sharkmi300x-4,gfx942,4096,4096,8192,64,16,32,8,8,0,0,0,"[0, 1]",LLVMGPUVectorDistribute,"PipelineOptionsSearchSpace(prefetch_shared_memory=[True], no_reduce_shared_memory_bank_conflicts=[None], use_igemm_convolution=[None])",[2],,#iree_gpu.mma_layout<MFMA_F32_16x16x32_F8E4M3FNUZ>,128,256,64,256,1,1,1,4,"['--iree-hal-target-device=hip', '--iree-hip-target=gfx942', '--compile-from=executable-sources']",373,True,"['--input=1', '--benchmark_repetitions=3']",True,hip://7,True,352.5,309.0,269.67,0.8766,344,27,317,204,302.06,,tuning_2025_09_29_16_28/candidates/specs/373_spec.mlir
compute_gemm_4096_4096_8192_f8E4M3FNUZ_f32_tB,374,contraction,sharkmi300x-4,gfx942,4096,4096,8192,64,16,32,8,8,0,0,0,"[0, 1]",LLVMGPUVectorDistribute,"PipelineOptionsSearchSpace(prefetch_shared_memory=[True], no_reduce_shared_memory_bank_conflicts=[None], use_igemm_convolution=[None])",[2],,#iree_gpu.mma_layout<MFMA_F32_16x16x32_F8E4M3FNUZ>,256,32,128,128,1,1,1,2,"['--iree-hal-target-device=hip', '--iree-hip-target=gfx942', '--compile-from=executable-sources']",374,True,"['--input=1', '--benchmark_repetitions=3']",True,hip://2,True,357.5,763.0,269.67,2.13427,347,525,178,204,302.06,,tuning_2025_09_29_16_28/candidates/specs/374_spec.mlir
compute_gemm_4096_4096_8192_f8E4M3FNUZ_f32_tB,375,contraction,sharkmi300x-4,gfx942,4096,4096,8192,64,16,32,8,8,0,0,0,"[0, 1]",LLVMGPUVectorDistribute,"PipelineOptionsSearchSpace(prefetch_shared_memory=[True], no_reduce_shared_memory_bank_conflicts=[None], use_igemm_convolution=[None])",[2],,#iree_gpu.mma_layout<MFMA_F32_16x16x32_F8E4M3FNUZ>,64,512,64,512,1,1,1,8,"['--iree-hal-target-device=hip', '--iree-hip-target=gfx942', '--compile-from=executable-sources']",375,True,"['--input=1', '--benchmark_repetitions=3']",True,hip://5,True,360.33,548.67,269.67,1.52266,334,363,29,204,302.06,,tuning_2025_09_29_16_28/candidates/specs/375_spec.mlir
compute_gemm_4096_4096_8192_f8E4M3FNUZ_f32_tB,376,contraction,sharkmi300x-4,gfx942,4096,4096,8192,64,32,16,8,8,0,0,0,"[0, 1]",LLVMGPUVectorDistribute,"PipelineOptionsSearchSpace(prefetch_shared_memory=[True], no_reduce_shared_memory_bank_conflicts=[None], use_igemm_convolution=[None])",[2],,#iree_gpu.mma_layout<MFMA_F32_32x32x16_F8E4M3FNUZ>,128,64,256,128,1,1,1,2,"['--iree-hal-target-device=hip', '--iree-hip-target=gfx942', '--compile-from=executable-sources']",376,True,"['--input=1', '--benchmark_repetitions=3']",True,hip://2,True,357.5,522.0,269.67,1.46014,355,319,36,204,302.06,,tuning_2025_09_29_16_28/candidates/specs/376_spec.mlir
compute_gemm_4096_4096_8192_f8E4M3FNUZ_f32_tB,377,contraction,sharkmi300x-4,gfx942,4096,4096,8192,64,16,32,8,8,0,0,0,"[0, 1]",LLVMGPUVectorDistribute,"PipelineOptionsSearchSpace(prefetch_shared_memory=[True], no_reduce_shared_memory_bank_conflicts=[None], use_igemm_convolution=[None])",[2],,#iree_gpu.mma_layout<MFMA_F32_16x16x32_F8E4M3FNUZ>,64,256,128,128,1,1,1,2,"['--iree-hal-target-device=hip', '--iree-hip-target=gfx942', '--compile-from=executable-sources']",377,True,"['--input=1', '--benchmark_repetitions=3']",True,hip://5,True,360.33,650.0,269.67,1.80389,357,438,81,204,302.06,,tuning_2025_09_29_16_28/candidates/specs/377_spec.mlir
compute_gemm_4096_4096_8192_f8E4M3FNUZ_f32_tB,378,contraction,sharkmi300x-4,gfx942,4096,4096,8192,64,16,32,8,8,0,0,0,"[0, 1]",LLVMGPUVectorDistribute,"PipelineOptionsSearchSpace(prefetch_shared_memory=[True], no_reduce_shared_memory_bank_conflicts=[None], use_igemm_convolution=[None])",[2],,#iree_gpu.mma_layout<MFMA_F32_16x16x32_F8E4M3FNUZ>,256,256,32,64,2,1,2,1,"['--iree-hal-target-device=hip', '--iree-hip-target=gfx942', '--compile-from=executable-sources']",378,True,"['--input=1', '--benchmark_repetitions=3']",True,hip://2,True,357.5,8123.33,269.67,22.72261,431,862,431,204,302.06,,tuning_2025_09_29_16_28/candidates/specs/378_spec.mlir
compute_gemm_4096_4096_8192_f8E4M3FNUZ_f32_tB,379,contraction,sharkmi300x-4,gfx942,4096,4096,8192,64,32,16,8,8,0,0,0,"[0, 1]",LLVMGPUVectorDistribute,"PipelineOptionsSearchSpace(prefetch_shared_memory=[True], no_reduce_shared_memory_bank_conflicts=[None], use_igemm_convolution=[None])",[2],,#iree_gpu.mma_layout<MFMA_F32_32x32x16_F8E4M3FNUZ>,256,512,32,128,2,1,2,2,"['--iree-hal-target-device=hip', '--iree-hip-target=gfx942', '--compile-from=executable-sources']",379,True,"['--input=1', '--benchmark_repetitions=3']",True,hip://6,True,357.33,7113.33,269.67,19.90672,430,842,412,204,302.06,,tuning_2025_09_29_16_28/candidates/specs/379_spec.mlir
compute_gemm_4096_4096_8192_f8E4M3FNUZ_f32_tB,380,contraction,sharkmi300x-4,gfx942,4096,4096,8192,64,16,32,8,8,0,0,0,"[0, 1]",LLVMGPUVectorDistribute,"PipelineOptionsSearchSpace(prefetch_shared_memory=[True], no_reduce_shared_memory_bank_conflicts=[None], use_igemm_convolution=[None])",[2],,#iree_gpu.mma_layout<MFMA_F32_16x16x32_F8E4M3FNUZ>,256,512,32,512,1,1,1,8,"['--iree-hal-target-device=hip', '--iree-hip-target=gfx942', '--compile-from=executable-sources']",380,True,"['--input=1', '--benchmark_repetitions=3']",True,hip://6,True,357.33,1820.0,269.67,5.09328,374,744,370,204,302.06,,tuning_2025_09_29_16_28/candidates/specs/380_spec.mlir
compute_gemm_4096_4096_8192_f8E4M3FNUZ_f32_tB,381,contraction,sharkmi300x-4,gfx942,4096,4096,8192,64,32,16,8,8,0,0,0,"[0, 1]",LLVMGPUVectorDistribute,"PipelineOptionsSearchSpace(prefetch_shared_memory=[True], no_reduce_shared_memory_bank_conflicts=[None], use_igemm_convolution=[None])",[2],,#iree_gpu.mma_layout<MFMA_F32_32x32x16_F8E4M3FNUZ>,32,64,32,64,1,1,1,1,"['--iree-hal-target-device=hip', '--iree-hip-target=gfx942', '--compile-from=executable-sources']",381,True,"['--input=1', '--benchmark_repetitions=3']",True,hip://2,True,357.5,1203.33,269.67,3.36597,335,675,340,204,302.06,,tuning_2025_09_29_16_28/candidates/specs/381_spec.mlir
compute_gemm_4096_4096_8192_f8E4M3FNUZ_f32_tB,382,contraction,sharkmi300x-4,gfx942,4096,4096,8192,64,32,16,8,8,0,0,0,"[0, 1]",LLVMGPUVectorDistribute,"PipelineOptionsSearchSpace(prefetch_shared_memory=[True], no_reduce_shared_memory_bank_conflicts=[None], use_igemm_convolution=[None])",[2],,#iree_gpu.mma_layout<MFMA_F32_32x32x16_F8E4M3FNUZ>,128,256,64,64,2,1,2,1,"['--iree-hal-target-device=hip', '--iree-hip-target=gfx942', '--compile-from=executable-sources']",382,True,"['--input=1', '--benchmark_repetitions=3']",True,hip://5,True,360.33,291.67,269.67,0.80944,393,6,387,204,302.06,411.7,tuning_2025_09_29_16_28/candidates/specs/382_spec.mlir
compute_gemm_4096_4096_8192_f8E4M3FNUZ_f32_tB,383,contraction,sharkmi300x-4,gfx942,4096,4096,8192,64,16,32,8,8,0,0,0,"[0, 1]",LLVMGPUVectorDistribute,"PipelineOptionsSearchSpace(prefetch_shared_memory=[True], no_reduce_shared_memory_bank_conflicts=[None], use_igemm_convolution=[None])",[2],,#iree_gpu.mma_layout<MFMA_F32_16x16x32_F8E4M3FNUZ>,256,256,128,128,1,1,1,2,"['--iree-hal-target-device=hip', '--iree-hip-target=gfx942', '--compile-from=executable-sources']",383,True,"['--input=1', '--benchmark_repetitions=3']",True,hip://7,True,352.5,5860.0,269.67,16.62411,553,825,272,204,302.06,,tuning_2025_09_29_16_28/candidates/specs/383_spec.mlir
compute_gemm_4096_4096_8192_f8E4M3FNUZ_f32_tB,384,contraction,sharkmi300x-4,gfx942,4096,4096,8192,64,32,16,8,8,0,0,0,"[0, 1]",LLVMGPUVectorDistribute,"PipelineOptionsSearchSpace(prefetch_shared_memory=[True], no_reduce_shared_memory_bank_conflicts=[None], use_igemm_convolution=[None])",[2],,#iree_gpu.mma_layout<MFMA_F32_32x32x16_F8E4M3FNUZ>,64,32,128,64,1,1,1,1,"['--iree-hal-target-device=hip', '--iree-hip-target=gfx942', '--compile-from=executable-sources']",384,True,"['--input=1', '--benchmark_repetitions=3']",True,hip://6,True,357.33,485.67,269.67,1.35914,345,263,82,204,302.06,,tuning_2025_09_29_16_28/candidates/specs/384_spec.mlir
compute_gemm_4096_4096_8192_f8E4M3FNUZ_f32_tB,385,contraction,sharkmi300x-4,gfx942,4096,4096,8192,64,16,32,8,8,0,0,0,"[0, 1]",LLVMGPUVectorDistribute,"PipelineOptionsSearchSpace(prefetch_shared_memory=[True], no_reduce_shared_memory_bank_conflicts=[None], use_igemm_convolution=[None])",[2],,#iree_gpu.mma_layout<MFMA_F32_16x16x32_F8E4M3FNUZ>,256,512,64,512,1,1,1,8,"['--iree-hal-target-device=hip', '--iree-hip-target=gfx942', '--compile-from=executable-sources']",385,True,"['--input=1', '--benchmark_repetitions=3']",True,hip://2,True,357.5,1840.0,269.67,5.14685,383,749,366,204,302.06,,tuning_2025_09_29_16_28/candidates/specs/385_spec.mlir
compute_gemm_4096_4096_8192_f8E4M3FNUZ_f32_tB,386,contraction,sharkmi300x-4,gfx942,4096,4096,8192,64,16,32,8,8,0,0,0,"[0, 1]",LLVMGPUVectorDistribute,"PipelineOptionsSearchSpace(prefetch_shared_memory=[True], no_reduce_shared_memory_bank_conflicts=[None], use_igemm_convolution=[None])",[2],,#iree_gpu.mma_layout<MFMA_F32_16x16x32_F8E4M3FNUZ>,16,512,32,512,1,1,1,8,"['--iree-hal-target-device=hip', '--iree-hip-target=gfx942', '--compile-from=executable-sources']",386,True,"['--input=1', '--benchmark_repetitions=3']",True,hip://6,True,357.33,1520.0,269.67,4.25373,341,709,368,204,302.06,,tuning_2025_09_29_16_28/candidates/specs/386_spec.mlir
compute_gemm_4096_4096_8192_f8E4M3FNUZ_f32_tB,387,contraction,sharkmi300x-4,gfx942,4096,4096,8192,64,16,32,8,8,0,0,0,"[0, 1]",LLVMGPUVectorDistribute,"PipelineOptionsSearchSpace(prefetch_shared_memory=[True], no_reduce_shared_memory_bank_conflicts=[None], use_igemm_convolution=[None])",[2],,#iree_gpu.mma_layout<MFMA_F32_16x16x32_F8E4M3FNUZ>,256,32,32,64,4,1,4,1,"['--iree-hal-target-device=hip', '--iree-hip-target=gfx942', '--compile-from=executable-sources']",387,True,"['--input=1', '--benchmark_repetitions=3']",True,hip://5,True,360.33,999.67,269.67,2.77428,346,621,275,204,302.06,,tuning_2025_09_29_16_28/candidates/specs/387_spec.mlir
compute_gemm_4096_4096_8192_f8E4M3FNUZ_f32_tB,388,contraction,sharkmi300x-4,gfx942,4096,4096,8192,64,16,32,8,8,0,0,0,"[0, 1]",LLVMGPUVectorDistribute,"PipelineOptionsSearchSpace(prefetch_shared_memory=[True], no_reduce_shared_memory_bank_conflicts=[None], use_igemm_convolution=[None])",[2],,#iree_gpu.mma_layout<MFMA_F32_16x16x32_F8E4M3FNUZ>,128,16,128,64,4,1,4,1,"['--iree-hal-target-device=hip', '--iree-hip-target=gfx942', '--compile-from=executable-sources']",388,True,"['--input=1', '--benchmark_repetitions=3']",True,hip://5,True,360.33,752.67,269.67,2.08881,342,520,178,204,302.06,,tuning_2025_09_29_16_28/candidates/specs/388_spec.mlir
compute_gemm_4096_4096_8192_f8E4M3FNUZ_f32_tB,389,contraction,sharkmi300x-4,gfx942,4096,4096,8192,64,16,32,8,8,0,0,0,"[0, 1]",LLVMGPUVectorDistribute,"PipelineOptionsSearchSpace(prefetch_shared_memory=[True], no_reduce_shared_memory_bank_conflicts=[None], use_igemm_convolution=[None])",[2],,#iree_gpu.mma_layout<MFMA_F32_16x16x32_F8E4M3FNUZ>,32,64,512,64,2,1,2,1,"['--iree-hal-target-device=hip', '--iree-hip-target=gfx942', '--compile-from=executable-sources']",389,True,"['--input=1', '--benchmark_repetitions=3']",True,hip://6,True,357.33,720.67,269.67,2.01679,358,501,143,204,302.06,,tuning_2025_09_29_16_28/candidates/specs/389_spec.mlir
compute_gemm_4096_4096_8192_f8E4M3FNUZ_f32_tB,390,contraction,sharkmi300x-4,gfx942,4096,4096,8192,64,16,32,8,8,0,0,0,"[0, 1]",LLVMGPUVectorDistribute,"PipelineOptionsSearchSpace(prefetch_shared_memory=[True], no_reduce_shared_memory_bank_conflicts=[None], use_igemm_convolution=[None])",[2],,#iree_gpu.mma_layout<MFMA_F32_16x16x32_F8E4M3FNUZ>,64,32,512,64,1,1,1,1,"['--iree-hal-target-device=hip', '--iree-hip-target=gfx942', '--compile-from=executable-sources']",390,True,"['--input=1', '--benchmark_repetitions=3']",True,hip://5,True,360.33,1086.67,269.67,3.01573,373,657,284,204,302.06,,tuning_2025_09_29_16_28/candidates/specs/390_spec.mlir
compute_gemm_4096_4096_8192_f8E4M3FNUZ_f32_tB,391,contraction,sharkmi300x-4,gfx942,4096,4096,8192,64,16,32,8,8,0,0,0,"[0, 1]",LLVMGPUVectorDistribute,"PipelineOptionsSearchSpace(prefetch_shared_memory=[True], no_reduce_shared_memory_bank_conflicts=[None], use_igemm_convolution=[None])",[2],,#iree_gpu.mma_layout<MFMA_F32_16x16x32_F8E4M3FNUZ>,64,256,64,256,1,1,1,4,"['--iree-hal-target-device=hip', '--iree-hip-target=gfx942', '--compile-from=executable-sources']",391,True,"['--input=1', '--benchmark_repetitions=3']",True,hip://5,True,360.33,338.33,269.67,0.93895,353,65,288,204,302.06,,tuning_2025_09_29_16_28/candidates/specs/391_spec.mlir
compute_gemm_4096_4096_8192_f8E4M3FNUZ_f32_tB,392,contraction,sharkmi300x-4,gfx942,4096,4096,8192,64,16,32,8,8,0,0,0,"[0, 1]",LLVMGPUVectorDistribute,"PipelineOptionsSearchSpace(prefetch_shared_memory=[True], no_reduce_shared_memory_bank_conflicts=[None], use_igemm_convolution=[None])",[2],,#iree_gpu.mma_layout<MFMA_F32_16x16x32_F8E4M3FNUZ>,512,512,64,64,2,1,2,1,"['--iree-hal-target-device=hip', '--iree-hip-target=gfx942', '--compile-from=executable-sources']",392,False,"['--input=1', '--benchmark_repetitions=3']",False,,False,,,,,,,,,,,tuning_2025_09_29_16_28/candidates/specs/392_spec.mlir
compute_gemm_4096_4096_8192_f8E4M3FNUZ_f32_tB,393,contraction,sharkmi300x-4,gfx942,4096,4096,8192,64,16,32,8,8,0,0,0,"[0, 1]",LLVMGPUVectorDistribute,"PipelineOptionsSearchSpace(prefetch_shared_memory=[True], no_reduce_shared_memory_bank_conflicts=[None], use_igemm_convolution=[None])",[2],,#iree_gpu.mma_layout<MFMA_F32_16x16x32_F8E4M3FNUZ>,512,32,32,128,4,1,4,2,"['--iree-hal-target-device=hip', '--iree-hip-target=gfx942', '--compile-from=executable-sources']",393,True,"['--input=1', '--benchmark_repetitions=3']",True,hip://5,True,360.33,958.33,269.67,2.65957,349,601,252,204,302.06,,tuning_2025_09_29_16_28/candidates/specs/393_spec.mlir
compute_gemm_4096_4096_8192_f8E4M3FNUZ_f32_tB,394,contraction,sharkmi300x-4,gfx942,4096,4096,8192,64,16,32,8,8,0,0,0,"[0, 1]",LLVMGPUVectorDistribute,"PipelineOptionsSearchSpace(prefetch_shared_memory=[True], no_reduce_shared_memory_bank_conflicts=[None], use_igemm_convolution=[None])",[2],,#iree_gpu.mma_layout<MFMA_F32_16x16x32_F8E4M3FNUZ>,256,128,32,64,8,1,8,1,"['--iree-hal-target-device=hip', '--iree-hip-target=gfx942', '--compile-from=executable-sources']",394,True,"['--input=1', '--benchmark_repetitions=3']",True,hip://6,True,357.33,458.33,269.67,1.28265,354,228,126,204,302.06,,tuning_2025_09_29_16_28/candidates/specs/394_spec.mlir
compute_gemm_4096_4096_8192_f8E4M3FNUZ_f32_tB,395,contraction,sharkmi300x-4,gfx942,4096,4096,8192,64,16,32,8,8,0,0,0,"[0, 1]",LLVMGPUVectorDistribute,"PipelineOptionsSearchSpace(prefetch_shared_memory=[True], no_reduce_shared_memory_bank_conflicts=[None], use_igemm_convolution=[None])",[2],,#iree_gpu.mma_layout<MFMA_F32_16x16x32_F8E4M3FNUZ>,128,128,256,128,2,1,2,2,"['--iree-hal-target-device=hip', '--iree-hip-target=gfx942', '--compile-from=executable-sources']",395,True,"['--input=1', '--benchmark_repetitions=3']",True,hip://6,True,357.33,1233.33,269.67,3.45149,366,683,317,204,302.06,,tuning_2025_09_29_16_28/candidates/specs/395_spec.mlir
compute_gemm_4096_4096_8192_f8E4M3FNUZ_f32_tB,396,contraction,sharkmi300x-4,gfx942,4096,4096,8192,64,32,16,8,8,0,0,0,"[0, 1]",LLVMGPUVectorDistribute,"PipelineOptionsSearchSpace(prefetch_shared_memory=[True], no_reduce_shared_memory_bank_conflicts=[None], use_igemm_convolution=[None])",[2],,#iree_gpu.mma_layout<MFMA_F32_32x32x16_F8E4M3FNUZ>,128,128,32,64,1,1,1,1,"['--iree-hal-target-device=hip', '--iree-hip-target=gfx942', '--compile-from=executable-sources']",396,True,"['--input=1', '--benchmark_repetitions=3']",True,hip://6,True,357.33,2413.33,269.67,6.75373,386,783,397,204,302.06,,tuning_2025_09_29_16_28/candidates/specs/396_spec.mlir
compute_gemm_4096_4096_8192_f8E4M3FNUZ_f32_tB,397,contraction,sharkmi300x-4,gfx942,4096,4096,8192,64,32,16,8,8,0,0,0,"[0, 1]",LLVMGPUVectorDistribute,"PipelineOptionsSearchSpace(prefetch_shared_memory=[True], no_reduce_shared_memory_bank_conflicts=[None], use_igemm_convolution=[None])",[2],,#iree_gpu.mma_layout<MFMA_F32_32x32x16_F8E4M3FNUZ>,64,256,64,64,1,1,1,1,"['--iree-hal-target-device=hip', '--iree-hip-target=gfx942', '--compile-from=executable-sources']",397,True,"['--input=1', '--benchmark_repetitions=3']",True,hip://5,True,360.33,465.67,269.67,1.29232,405,233,172,204,302.06,,tuning_2025_09_29_16_28/candidates/specs/397_spec.mlir
compute_gemm_4096_4096_8192_f8E4M3FNUZ_f32_tB,398,contraction,sharkmi300x-4,gfx942,4096,4096,8192,64,16,32,8,8,0,0,0,"[0, 1]",LLVMGPUVectorDistribute,"PipelineOptionsSearchSpace(prefetch_shared_memory=[True], no_reduce_shared_memory_bank_conflicts=[None], use_igemm_convolution=[None])",[2],,#iree_gpu.mma_layout<MFMA_F32_16x16x32_F8E4M3FNUZ>,512,512,64,64,8,1,8,1,"['--iree-hal-target-device=hip', '--iree-hip-target=gfx942', '--compile-from=executable-sources']",398,True,"['--input=1', '--benchmark_repetitions=3']",True,hip://2,True,357.5,10900.0,269.67,30.48951,462,892,430,204,302.06,,tuning_2025_09_29_16_28/candidates/specs/398_spec.mlir
compute_gemm_4096_4096_8192_f8E4M3FNUZ_f32_tB,399,contraction,sharkmi300x-4,gfx942,4096,4096,8192,64,32,16,8,8,0,0,0,"[0, 1]",LLVMGPUVectorDistribute,"PipelineOptionsSearchSpace(prefetch_shared_memory=[True], no_reduce_shared_memory_bank_conflicts=[None], use_igemm_convolution=[None])",[2],,#iree_gpu.mma_layout<MFMA_F32_32x32x16_F8E4M3FNUZ>,64,512,32,64,2,1,2,1,"['--iree-hal-target-device=hip', '--iree-hip-target=gfx942', '--compile-from=executable-sources']",399,True,"['--input=1', '--benchmark_repetitions=3']",True,hip://5,True,360.33,843.33,269.67,2.34043,401,550,149,204,302.06,,tuning_2025_09_29_16_28/candidates/specs/399_spec.mlir
compute_gemm_4096_4096_8192_f8E4M3FNUZ_f32_tB,400,contraction,sharkmi300x-4,gfx942,4096,4096,8192,64,16,32,8,8,0,0,0,"[0, 1]",LLVMGPUVectorDistribute,"PipelineOptionsSearchSpace(prefetch_shared_memory=[True], no_reduce_shared_memory_bank_conflicts=[None], use_igemm_convolution=[None])",[2],,#iree_gpu.mma_layout<MFMA_F32_16x16x32_F8E4M3FNUZ>,256,32,64,128,4,1,4,2,"['--iree-hal-target-device=hip', '--iree-hip-target=gfx942', '--compile-from=executable-sources']",400,True,"['--input=1', '--benchmark_repetitions=3']",True,hip://7,True,352.5,600.0,269.67,1.70213,356,409,53,204,302.06,,tuning_2025_09_29_16_28/candidates/specs/400_spec.mlir
compute_gemm_4096_4096_8192_f8E4M3FNUZ_f32_tB,401,contraction,sharkmi300x-4,gfx942,4096,4096,8192,64,16,32,8,8,0,0,0,"[0, 1]",LLVMGPUVectorDistribute,"PipelineOptionsSearchSpace(prefetch_shared_memory=[True], no_reduce_shared_memory_bank_conflicts=[None], use_igemm_convolution=[None])",[2],,#iree_gpu.mma_layout<MFMA_F32_16x16x32_F8E4M3FNUZ>,64,64,256,64,4,1,4,1,"['--iree-hal-target-device=hip', '--iree-hip-target=gfx942', '--compile-from=executable-sources']",401,True,"['--input=1', '--benchmark_repetitions=3']",True,hip://7,True,352.5,508.67,269.67,1.44303,360,308,52,204,302.06,,tuning_2025_09_29_16_28/candidates/specs/401_spec.mlir
compute_gemm_4096_4096_8192_f8E4M3FNUZ_f32_tB,402,contraction,sharkmi300x-4,gfx942,4096,4096,8192,64,16,32,8,8,0,0,0,"[0, 1]",LLVMGPUVectorDistribute,"PipelineOptionsSearchSpace(prefetch_shared_memory=[True], no_reduce_shared_memory_bank_conflicts=[None], use_igemm_convolution=[None])",[2],,#iree_gpu.mma_layout<MFMA_F32_16x16x32_F8E4M3FNUZ>,256,512,32,64,2,1,2,1,"['--iree-hal-target-device=hip', '--iree-hip-target=gfx942', '--compile-from=executable-sources']",402,True,"['--input=1', '--benchmark_repetitions=3']",True,hip://5,True,360.33,14300.0,269.67,39.68548,632,919,287,204,302.06,,tuning_2025_09_29_16_28/candidates/specs/402_spec.mlir
compute_gemm_4096_4096_8192_f8E4M3FNUZ_f32_tB,403,contraction,sharkmi300x-4,gfx942,4096,4096,8192,64,16,32,8,8,0,0,0,"[0, 1]",LLVMGPUVectorDistribute,"PipelineOptionsSearchSpace(prefetch_shared_memory=[True], no_reduce_shared_memory_bank_conflicts=[None], use_igemm_convolution=[None])",[2],,#iree_gpu.mma_layout<MFMA_F32_16x16x32_F8E4M3FNUZ>,512,128,64,128,4,1,4,2,"['--iree-hal-target-device=hip', '--iree-hip-target=gfx942', '--compile-from=executable-sources']",403,True,"['--input=1', '--benchmark_repetitions=3']",True,hip://7,True,352.5,313.67,269.67,0.88983,376,34,342,204,302.06,,tuning_2025_09_29_16_28/candidates/specs/403_spec.mlir
compute_gemm_4096_4096_8192_f8E4M3FNUZ_f32_tB,404,contraction,sharkmi300x-4,gfx942,4096,4096,8192,64,16,32,8,8,0,0,0,"[0, 1]",LLVMGPUVectorDistribute,"PipelineOptionsSearchSpace(prefetch_shared_memory=[True], no_reduce_shared_memory_bank_conflicts=[None], use_igemm_convolution=[None])",[2],,#iree_gpu.mma_layout<MFMA_F32_16x16x32_F8E4M3FNUZ>,256,128,64,128,4,1,4,2,"['--iree-hal-target-device=hip', '--iree-hip-target=gfx942', '--compile-from=executable-sources']",404,True,"['--input=1', '--benchmark_repetitions=3']",True,hip://7,True,352.5,305.0,269.67,0.86525,364,22,342,204,302.06,,tuning_2025_09_29_16_28/candidates/specs/404_spec.mlir
compute_gemm_4096_4096_8192_f8E4M3FNUZ_f32_tB,405,contraction,sharkmi300x-4,gfx942,4096,4096,8192,64,32,16,8,8,0,0,0,"[0, 1]",LLVMGPUVectorDistribute,"PipelineOptionsSearchSpace(prefetch_shared_memory=[True], no_reduce_shared_memory_bank_conflicts=[None], use_igemm_convolution=[None])",[2],,#iree_gpu.mma_layout<MFMA_F32_32x32x16_F8E4M3FNUZ>,64,64,512,64,2,1,2,1,"['--iree-hal-target-device=hip', '--iree-hip-target=gfx942', '--compile-from=executable-sources']",405,True,"['--input=1', '--benchmark_repetitions=3']",True,hip://6,True,357.33,1613.33,269.67,4.51493,382,720,338,204,302.06,,tuning_2025_09_29_16_28/candidates/specs/405_spec.mlir
compute_gemm_4096_4096_8192_f8E4M3FNUZ_f32_tB,406,contraction,sharkmi300x-4,gfx942,4096,4096,8192,64,16,32,8,8,0,0,0,"[0, 1]",LLVMGPUVectorDistribute,"PipelineOptionsSearchSpace(prefetch_shared_memory=[True], no_reduce_shared_memory_bank_conflicts=[None], use_igemm_convolution=[None])",[2],,#iree_gpu.mma_layout<MFMA_F32_16x16x32_F8E4M3FNUZ>,512,512,64,128,4,1,4,2,"['--iree-hal-target-device=hip', '--iree-hip-target=gfx942', '--compile-from=executable-sources']",406,True,"['--input=1', '--benchmark_repetitions=3']",True,hip://7,True,352.5,7920.0,269.67,22.46809,456,860,404,204,302.06,,tuning_2025_09_29_16_28/candidates/specs/406_spec.mlir
compute_gemm_4096_4096_8192_f8E4M3FNUZ_f32_tB,407,contraction,sharkmi300x-4,gfx942,4096,4096,8192,64,16,32,8,8,0,0,0,"[0, 1]",LLVMGPUVectorDistribute,"PipelineOptionsSearchSpace(prefetch_shared_memory=[True], no_reduce_shared_memory_bank_conflicts=[None], use_igemm_convolution=[None])",[2],,#iree_gpu.mma_layout<MFMA_F32_16x16x32_F8E4M3FNUZ>,64,256,64,128,1,1,1,2,"['--iree-hal-target-device=hip', '--iree-hip-target=gfx942', '--compile-from=executable-sources']",407,True,"['--input=1', '--benchmark_repetitions=3']",True,hip://5,True,360.33,429.0,269.67,1.19056,377,200,177,204,302.06,,tuning_2025_09_29_16_28/candidates/specs/407_spec.mlir
compute_gemm_4096_4096_8192_f8E4M3FNUZ_f32_tB,408,contraction,sharkmi300x-4,gfx942,4096,4096,8192,64,16,32,8,8,0,0,0,"[0, 1]",LLVMGPUVectorDistribute,"PipelineOptionsSearchSpace(prefetch_shared_memory=[True], no_reduce_shared_memory_bank_conflicts=[None], use_igemm_convolution=[None])",[2],,#iree_gpu.mma_layout<MFMA_F32_16x16x32_F8E4M3FNUZ>,64,16,512,64,4,1,4,1,"['--iree-hal-target-device=hip', '--iree-hip-target=gfx942', '--compile-from=executable-sources']",408,True,"['--input=1', '--benchmark_repetitions=3']",True,hip://2,True,357.5,888.0,269.67,2.48392,363,579,216,204,302.06,,tuning_2025_09_29_16_28/candidates/specs/408_spec.mlir
compute_gemm_4096_4096_8192_f8E4M3FNUZ_f32_tB,409,contraction,sharkmi300x-4,gfx942,4096,4096,8192,64,16,32,8,8,0,0,0,"[0, 1]",LLVMGPUVectorDistribute,"PipelineOptionsSearchSpace(prefetch_shared_memory=[True], no_reduce_shared_memory_bank_conflicts=[None], use_igemm_convolution=[None])",[2],,#iree_gpu.mma_layout<MFMA_F32_16x16x32_F8E4M3FNUZ>,256,256,128,64,2,1,2,1,"['--iree-hal-target-device=hip', '--iree-hip-target=gfx942', '--compile-from=executable-sources']",409,True,"['--input=1', '--benchmark_repetitions=3']",True,hip://7,True,352.5,3810.0,269.67,10.80851,521,811,290,204,302.06,,tuning_2025_09_29_16_28/candidates/specs/409_spec.mlir
compute_gemm_4096_4096_8192_f8E4M3FNUZ_f32_tB,410,contraction,sharkmi300x-4,gfx942,4096,4096,8192,64,16,32,8,8,0,0,0,"[0, 1]",LLVMGPUVectorDistribute,"PipelineOptionsSearchSpace(prefetch_shared_memory=[True], no_reduce_shared_memory_bank_conflicts=[None], use_igemm_convolution=[None])",[2],,#iree_gpu.mma_layout<MFMA_F32_16x16x32_F8E4M3FNUZ>,32,128,256,128,2,1,2,2,"['--iree-hal-target-device=hip', '--iree-hip-target=gfx942', '--compile-from=executable-sources']",410,True,"['--input=1', '--benchmark_repetitions=3']",True,hip://7,True,352.5,592.33,269.67,1.68038,368,404,36,204,302.06,,tuning_2025_09_29_16_28/candidates/specs/410_spec.mlir
compute_gemm_4096_4096_8192_f8E4M3FNUZ_f32_tB,411,contraction,sharkmi300x-4,gfx942,4096,4096,8192,64,16,32,8,8,0,0,0,"[0, 1]",LLVMGPUVectorDistribute,"PipelineOptionsSearchSpace(prefetch_shared_memory=[True], no_reduce_shared_memory_bank_conflicts=[None], use_igemm_convolution=[None])",[2],,#iree_gpu.mma_layout<MFMA_F32_16x16x32_F8E4M3FNUZ>,64,16,512,64,1,1,1,1,"['--iree-hal-target-device=hip', '--iree-hip-target=gfx942', '--compile-from=executable-sources']",411,True,"['--input=1', '--benchmark_repetitions=3']",True,hip://7,True,352.5,1516.67,269.67,4.3026,384,714,330,204,302.06,,tuning_2025_09_29_16_28/candidates/specs/411_spec.mlir
compute_gemm_4096_4096_8192_f8E4M3FNUZ_f32_tB,412,contraction,sharkmi300x-4,gfx942,4096,4096,8192,64,32,16,8,8,0,0,0,"[0, 1]",LLVMGPUVectorDistribute,"PipelineOptionsSearchSpace(prefetch_shared_memory=[True], no_reduce_shared_memory_bank_conflicts=[None], use_igemm_convolution=[None])",[2],,#iree_gpu.mma_layout<MFMA_F32_32x32x16_F8E4M3FNUZ>,128,512,64,64,4,1,4,1,"['--iree-hal-target-device=hip', '--iree-hip-target=gfx942', '--compile-from=executable-sources']",412,True,"['--input=1', '--benchmark_repetitions=3']",True,hip://7,True,352.5,411.67,269.67,1.16785,419,189,230,204,302.06,,tuning_2025_09_29_16_28/candidates/specs/412_spec.mlir
compute_gemm_4096_4096_8192_f8E4M3FNUZ_f32_tB,413,contraction,sharkmi300x-4,gfx942,4096,4096,8192,64,32,16,8,8,0,0,0,"[0, 1]",LLVMGPUVectorDistribute,"PipelineOptionsSearchSpace(prefetch_shared_memory=[True], no_reduce_shared_memory_bank_conflicts=[None], use_igemm_convolution=[None])",[2],,#iree_gpu.mma_layout<MFMA_F32_32x32x16_F8E4M3FNUZ>,128,512,64,128,4,1,4,2,"['--iree-hal-target-device=hip', '--iree-hip-target=gfx942', '--compile-from=executable-sources']",413,True,"['--input=1', '--benchmark_repetitions=3']",True,hip://5,True,360.33,344.67,269.67,0.95652,381,76,305,204,302.06,,tuning_2025_09_29_16_28/candidates/specs/413_spec.mlir
compute_gemm_4096_4096_8192_f8E4M3FNUZ_f32_tB,414,contraction,sharkmi300x-4,gfx942,4096,4096,8192,64,16,32,8,8,0,0,0,"[0, 1]",LLVMGPUVectorDistribute,"PipelineOptionsSearchSpace(prefetch_shared_memory=[True], no_reduce_shared_memory_bank_conflicts=[None], use_igemm_convolution=[None])",[2],,#iree_gpu.mma_layout<MFMA_F32_16x16x32_F8E4M3FNUZ>,128,128,32,64,8,1,8,1,"['--iree-hal-target-device=hip', '--iree-hip-target=gfx942', '--compile-from=executable-sources']",414,True,"['--input=1', '--benchmark_repetitions=3']",True,hip://2,True,357.5,527.0,269.67,1.47413,367,326,41,204,302.06,,tuning_2025_09_29_16_28/candidates/specs/414_spec.mlir
compute_gemm_4096_4096_8192_f8E4M3FNUZ_f32_tB,415,contraction,sharkmi300x-4,gfx942,4096,4096,8192,64,32,16,8,8,0,0,0,"[0, 1]",LLVMGPUVectorDistribute,"PipelineOptionsSearchSpace(prefetch_shared_memory=[True], no_reduce_shared_memory_bank_conflicts=[None], use_igemm_convolution=[None])",[2],,#iree_gpu.mma_layout<MFMA_F32_32x32x16_F8E4M3FNUZ>,256,512,64,64,1,1,1,1,"['--iree-hal-target-device=hip', '--iree-hip-target=gfx942', '--compile-from=executable-sources']",415,True,"['--input=1', '--benchmark_repetitions=3']",True,hip://6,True,357.33,13900.0,269.67,38.89925,947,917,30,204,302.06,,tuning_2025_09_29_16_28/candidates/specs/415_spec.mlir
compute_gemm_4096_4096_8192_f8E4M3FNUZ_f32_tB,416,contraction,sharkmi300x-4,gfx942,4096,4096,8192,64,16,32,8,8,0,0,0,"[0, 1]",LLVMGPUVectorDistribute,"PipelineOptionsSearchSpace(prefetch_shared_memory=[True], no_reduce_shared_memory_bank_conflicts=[None], use_igemm_convolution=[None])",[2],,#iree_gpu.mma_layout<MFMA_F32_16x16x32_F8E4M3FNUZ>,128,32,32,64,2,1,2,1,"['--iree-hal-target-device=hip', '--iree-hip-target=gfx942', '--compile-from=executable-sources']",416,True,"['--input=1', '--benchmark_repetitions=3']",True,hip://5,True,360.33,1136.67,269.67,3.15449,369,668,299,204,302.06,,tuning_2025_09_29_16_28/candidates/specs/416_spec.mlir
compute_gemm_4096_4096_8192_f8E4M3FNUZ_f32_tB,417,contraction,sharkmi300x-4,gfx942,4096,4096,8192,64,32,16,8,8,0,0,0,"[0, 1]",LLVMGPUVectorDistribute,"PipelineOptionsSearchSpace(prefetch_shared_memory=[True], no_reduce_shared_memory_bank_conflicts=[None], use_igemm_convolution=[None])",[2],,#iree_gpu.mma_layout<MFMA_F32_32x32x16_F8E4M3FNUZ>,256,512,64,256,2,1,2,4,"['--iree-hal-target-device=hip', '--iree-hip-target=gfx942', '--compile-from=executable-sources']",417,True,"['--input=1', '--benchmark_repetitions=3']",True,hip://6,True,357.33,3533.33,269.67,9.88806,414,807,393,204,302.06,,tuning_2025_09_29_16_28/candidates/specs/417_spec.mlir
compute_gemm_4096_4096_8192_f8E4M3FNUZ_f32_tB,418,contraction,sharkmi300x-4,gfx942,4096,4096,8192,64,16,32,8,8,0,0,0,"[0, 1]",LLVMGPUVectorDistribute,"PipelineOptionsSearchSpace(prefetch_shared_memory=[True], no_reduce_shared_memory_bank_conflicts=[None], use_igemm_convolution=[None])",[2],,#iree_gpu.mma_layout<MFMA_F32_16x16x32_F8E4M3FNUZ>,64,128,64,128,4,1,4,2,"['--iree-hal-target-device=hip', '--iree-hip-target=gfx942', '--compile-from=executable-sources']",418,True,"['--input=1', '--benchmark_repetitions=3']",True,hip://2,True,357.5,409.0,269.67,1.14406,371,172,199,204,302.06,,tuning_2025_09_29_16_28/candidates/specs/418_spec.mlir
compute_gemm_4096_4096_8192_f8E4M3FNUZ_f32_tB,419,contraction,sharkmi300x-4,gfx942,4096,4096,8192,64,16,32,8,8,0,0,0,"[0, 1]",LLVMGPUVectorDistribute,"PipelineOptionsSearchSpace(prefetch_shared_memory=[True], no_reduce_shared_memory_bank_conflicts=[None], use_igemm_convolution=[None])",[2],,#iree_gpu.mma_layout<MFMA_F32_16x16x32_F8E4M3FNUZ>,256,256,128,128,4,1,4,2,"['--iree-hal-target-device=hip', '--iree-hip-target=gfx942', '--compile-from=executable-sources']",419,True,"['--input=1', '--benchmark_repetitions=3']",True,hip://7,True,352.5,938.33,269.67,2.66194,396,603,207,204,302.06,,tuning_2025_09_29_16_28/candidates/specs/419_spec.mlir
compute_gemm_4096_4096_8192_f8E4M3FNUZ_f32_tB,420,contraction,sharkmi300x-4,gfx942,4096,4096,8192,64,32,16,8,8,0,0,0,"[0, 1]",LLVMGPUVectorDistribute,"PipelineOptionsSearchSpace(prefetch_shared_memory=[True], no_reduce_shared_memory_bank_conflicts=[None], use_igemm_convolution=[None])",[2],,#iree_gpu.mma_layout<MFMA_F32_32x32x16_F8E4M3FNUZ>,64,512,32,128,2,1,2,2,"['--iree-hal-target-device=hip', '--iree-hip-target=gfx942', '--compile-from=executable-sources']",420,True,"['--input=1', '--benchmark_repetitions=3']",True,hip://6,True,357.33,503.67,269.67,1.40951,394,294,100,204,302.06,,tuning_2025_09_29_16_28/candidates/specs/420_spec.mlir
compute_gemm_4096_4096_8192_f8E4M3FNUZ_f32_tB,421,contraction,sharkmi300x-4,gfx942,4096,4096,8192,64,16,32,8,8,0,0,0,"[0, 1]",LLVMGPUVectorDistribute,"PipelineOptionsSearchSpace(prefetch_shared_memory=[True], no_reduce_shared_memory_bank_conflicts=[None], use_igemm_convolution=[None])",[2],,#iree_gpu.mma_layout<MFMA_F32_16x16x32_F8E4M3FNUZ>,128,32,128,64,8,1,8,1,"['--iree-hal-target-device=hip', '--iree-hip-target=gfx942', '--compile-from=executable-sources']",421,True,"['--input=1', '--benchmark_repetitions=3']",True,hip://2,True,357.5,478.67,269.67,1.33893,375,256,119,204,302.06,,tuning_2025_09_29_16_28/candidates/specs/421_spec.mlir
compute_gemm_4096_4096_8192_f8E4M3FNUZ_f32_tB,422,contraction,sharkmi300x-4,gfx942,4096,4096,8192,64,32,16,8,8,0,0,0,"[0, 1]",LLVMGPUVectorDistribute,"PipelineOptionsSearchSpace(prefetch_shared_memory=[True], no_reduce_shared_memory_bank_conflicts=[None], use_igemm_convolution=[None])",[2],,#iree_gpu.mma_layout<MFMA_F32_32x32x16_F8E4M3FNUZ>,512,32,32,64,1,1,1,1,"['--iree-hal-target-device=hip', '--iree-hip-target=gfx942', '--compile-from=executable-sources']",422,True,"['--input=1', '--benchmark_repetitions=3']",True,hip://5,True,360.33,1496.67,269.67,4.15356,425,698,273,204,302.06,,tuning_2025_09_29_16_28/candidates/specs/422_spec.mlir
compute_gemm_4096_4096_8192_f8E4M3FNUZ_f32_tB,423,contraction,sharkmi300x-4,gfx942,4096,4096,8192,64,32,16,8,8,0,0,0,"[0, 1]",LLVMGPUVectorDistribute,"PipelineOptionsSearchSpace(prefetch_shared_memory=[True], no_reduce_shared_memory_bank_conflicts=[None], use_igemm_convolution=[None])",[2],,#iree_gpu.mma_layout<MFMA_F32_32x32x16_F8E4M3FNUZ>,256,256,64,64,8,1,8,1,"['--iree-hal-target-device=hip', '--iree-hip-target=gfx942', '--compile-from=executable-sources']",423,True,"['--input=1', '--benchmark_repetitions=3']",True,hip://6,True,357.33,312.67,269.67,0.875,398,25,373,204,302.06,,tuning_2025_09_29_16_28/candidates/specs/423_spec.mlir
compute_gemm_4096_4096_8192_f8E4M3FNUZ_f32_tB,424,contraction,sharkmi300x-4,gfx942,4096,4096,8192,64,16,32,8,8,0,0,0,"[0, 1]",LLVMGPUVectorDistribute,"PipelineOptionsSearchSpace(prefetch_shared_memory=[True], no_reduce_shared_memory_bank_conflicts=[None], use_igemm_convolution=[None])",[2],,#iree_gpu.mma_layout<MFMA_F32_16x16x32_F8E4M3FNUZ>,32,64,128,64,2,1,2,1,"['--iree-hal-target-device=hip', '--iree-hip-target=gfx942', '--compile-from=executable-sources']",424,True,"['--input=1', '--benchmark_repetitions=3']",True,hip://6,True,357.33,441.67,269.67,1.23601,378,212,166,204,302.06,,tuning_2025_09_29_16_28/candidates/specs/424_spec.mlir
compute_gemm_4096_4096_8192_f8E4M3FNUZ_f32_tB,425,contraction,sharkmi300x-4,gfx942,4096,4096,8192,64,32,16,8,8,0,0,0,"[0, 1]",LLVMGPUVectorDistribute,"PipelineOptionsSearchSpace(prefetch_shared_memory=[True], no_reduce_shared_memory_bank_conflicts=[None], use_igemm_convolution=[None])",[2],,#iree_gpu.mma_layout<MFMA_F32_32x32x16_F8E4M3FNUZ>,512,256,64,64,8,1,8,1,"['--iree-hal-target-device=hip', '--iree-hip-target=gfx942', '--compile-from=executable-sources']",425,True,"['--input=1', '--benchmark_repetitions=3']",True,hip://6,True,357.33,3500.0,269.67,9.79478,426,806,380,204,302.06,,tuning_2025_09_29_16_28/candidates/specs/425_spec.mlir
compute_gemm_4096_4096_8192_f8E4M3FNUZ_f32_tB,426,contraction,sharkmi300x-4,gfx942,4096,4096,8192,64,16,32,8,8,0,0,0,"[0, 1]",LLVMGPUVectorDistribute,"PipelineOptionsSearchSpace(prefetch_shared_memory=[True], no_reduce_shared_memory_bank_conflicts=[None], use_igemm_convolution=[None])",[2],,#iree_gpu.mma_layout<MFMA_F32_16x16x32_F8E4M3FNUZ>,512,16,64,64,8,1,8,1,"['--iree-hal-target-device=hip', '--iree-hip-target=gfx942', '--compile-from=executable-sources']",426,True,"['--input=1', '--benchmark_repetitions=3']",True,hip://7,True,352.5,1123.33,269.67,3.18676,380,670,290,204,302.06,,tuning_2025_09_29_16_28/candidates/specs/426_spec.mlir
compute_gemm_4096_4096_8192_f8E4M3FNUZ_f32_tB,427,contraction,sharkmi300x-4,gfx942,4096,4096,8192,64,16,32,8,8,0,0,0,"[0, 1]",LLVMGPUVectorDistribute,"PipelineOptionsSearchSpace(prefetch_shared_memory=[True], no_reduce_shared_memory_bank_conflicts=[None], use_igemm_convolution=[None])",[2],,#iree_gpu.mma_layout<MFMA_F32_16x16x32_F8E4M3FNUZ>,16,64,64,64,1,1,1,1,"['--iree-hal-target-device=hip', '--iree-hip-target=gfx942', '--compile-from=executable-sources']",427,True,"['--input=1', '--benchmark_repetitions=3']",True,hip://2,True,357.5,949.0,269.67,2.65455,379,599,220,204,302.06,,tuning_2025_09_29_16_28/candidates/specs/427_spec.mlir
compute_gemm_4096_4096_8192_f8E4M3FNUZ_f32_tB,428,contraction,sharkmi300x-4,gfx942,4096,4096,8192,64,16,32,8,8,0,0,0,"[0, 1]",LLVMGPUVectorDistribute,"PipelineOptionsSearchSpace(prefetch_shared_memory=[True], no_reduce_shared_memory_bank_conflicts=[None], use_igemm_convolution=[None])",[2],,#iree_gpu.mma_layout<MFMA_F32_16x16x32_F8E4M3FNUZ>,128,64,256,128,4,1,4,2,"['--iree-hal-target-device=hip', '--iree-hip-target=gfx942', '--compile-from=executable-sources']",428,True,"['--input=1', '--benchmark_repetitions=3']",True,hip://2,True,357.5,344.33,269.67,0.96317,387,81,306,204,302.06,,tuning_2025_09_29_16_28/candidates/specs/428_spec.mlir
compute_gemm_4096_4096_8192_f8E4M3FNUZ_f32_tB,429,contraction,sharkmi300x-4,gfx942,4096,4096,8192,64,16,32,8,8,0,0,0,"[0, 1]",LLVMGPUVectorDistribute,"PipelineOptionsSearchSpace(prefetch_shared_memory=[True], no_reduce_shared_memory_bank_conflicts=[None], use_igemm_convolution=[None])",[2],,#iree_gpu.mma_layout<MFMA_F32_16x16x32_F8E4M3FNUZ>,64,256,32,256,1,1,1,4,"['--iree-hal-target-device=hip', '--iree-hip-target=gfx942', '--compile-from=executable-sources']",429,True,"['--input=1', '--benchmark_repetitions=3']",True,hip://7,True,352.5,536.67,269.67,1.52246,388,362,26,204,302.06,,tuning_2025_09_29_16_28/candidates/specs/429_spec.mlir
compute_gemm_4096_4096_8192_f8E4M3FNUZ_f32_tB,430,contraction,sharkmi300x-4,gfx942,4096,4096,8192,64,16,32,8,8,0,0,0,"[0, 1]",LLVMGPUVectorDistribute,"PipelineOptionsSearchSpace(prefetch_shared_memory=[True], no_reduce_shared_memory_bank_conflicts=[None], use_igemm_convolution=[None])",[2],,#iree_gpu.mma_layout<MFMA_F32_16x16x32_F8E4M3FNUZ>,16,512,64,128,1,1,1,2,"['--iree-hal-target-device=hip', '--iree-hip-target=gfx942', '--compile-from=executable-sources']",430,True,"['--input=1', '--benchmark_repetitions=3']",True,hip://2,True,357.5,1390.0,269.67,3.88811,399,691,292,204,302.06,,tuning_2025_09_29_16_28/candidates/specs/430_spec.mlir
compute_gemm_4096_4096_8192_f8E4M3FNUZ_f32_tB,431,contraction,sharkmi300x-4,gfx942,4096,4096,8192,64,16,32,8,8,0,0,0,"[0, 1]",LLVMGPUVectorDistribute,"PipelineOptionsSearchSpace(prefetch_shared_memory=[True], no_reduce_shared_memory_bank_conflicts=[None], use_igemm_convolution=[None])",[2],,#iree_gpu.mma_layout<MFMA_F32_16x16x32_F8E4M3FNUZ>,32,64,64,64,2,1,2,1,"['--iree-hal-target-device=hip', '--iree-hip-target=gfx942', '--compile-from=executable-sources']",431,True,"['--input=1', '--benchmark_repetitions=3']",True,hip://5,True,360.33,677.33,269.67,1.87974,385,469,84,204,302.06,,tuning_2025_09_29_16_28/candidates/specs/431_spec.mlir
compute_gemm_4096_4096_8192_f8E4M3FNUZ_f32_tB,432,contraction,sharkmi300x-4,gfx942,4096,4096,8192,64,16,32,8,8,0,0,0,"[0, 1]",LLVMGPUVectorDistribute,"PipelineOptionsSearchSpace(prefetch_shared_memory=[True], no_reduce_shared_memory_bank_conflicts=[None], use_igemm_convolution=[None])",[2],,#iree_gpu.mma_layout<MFMA_F32_16x16x32_F8E4M3FNUZ>,128,128,64,64,8,1,8,1,"['--iree-hal-target-device=hip', '--iree-hip-target=gfx942', '--compile-from=executable-sources']",432,True,"['--input=1', '--benchmark_repetitions=3']",True,hip://6,True,357.33,348.0,269.67,0.97388,390,86,304,204,302.06,,tuning_2025_09_29_16_28/candidates/specs/432_spec.mlir
compute_gemm_4096_4096_8192_f8E4M3FNUZ_f32_tB,433,contraction,sharkmi300x-4,gfx942,4096,4096,8192,64,16,32,8,8,0,0,0,"[0, 1]",LLVMGPUVectorDistribute,"PipelineOptionsSearchSpace(prefetch_shared_memory=[True], no_reduce_shared_memory_bank_conflicts=[None], use_igemm_convolution=[None])",[2],,#iree_gpu.mma_layout<MFMA_F32_16x16x32_F8E4M3FNUZ>,64,256,32,64,4,1,4,1,"['--iree-hal-target-device=hip', '--iree-hip-target=gfx942', '--compile-from=executable-sources']",433,True,"['--input=1', '--benchmark_repetitions=3']",True,hip://5,True,360.33,551.67,269.67,1.53099,397,366,31,204,302.06,,tuning_2025_09_29_16_28/candidates/specs/433_spec.mlir
compute_gemm_4096_4096_8192_f8E4M3FNUZ_f32_tB,434,contraction,sharkmi300x-4,gfx942,4096,4096,8192,64,32,16,8,8,0,0,0,"[0, 1]",LLVMGPUVectorDistribute,"PipelineOptionsSearchSpace(prefetch_shared_memory=[True], no_reduce_shared_memory_bank_conflicts=[None], use_igemm_convolution=[None])",[2],,#iree_gpu.mma_layout<MFMA_F32_32x32x16_F8E4M3FNUZ>,64,128,64,128,2,1,2,2,"['--iree-hal-target-device=hip', '--iree-hip-target=gfx942', '--compile-from=executable-sources']",434,True,"['--input=1', '--benchmark_repetitions=3']",True,hip://7,True,352.5,382.0,269.67,1.08369,391,138,253,204,302.06,,tuning_2025_09_29_16_28/candidates/specs/434_spec.mlir
compute_gemm_4096_4096_8192_f8E4M3FNUZ_f32_tB,435,contraction,sharkmi300x-4,gfx942,4096,4096,8192,64,16,32,8,8,0,0,0,"[0, 1]",LLVMGPUVectorDistribute,"PipelineOptionsSearchSpace(prefetch_shared_memory=[True], no_reduce_shared_memory_bank_conflicts=[None], use_igemm_convolution=[None])",[2],,#iree_gpu.mma_layout<MFMA_F32_16x16x32_F8E4M3FNUZ>,256,16,128,64,4,1,4,1,"['--iree-hal-target-device=hip', '--iree-hip-target=gfx942', '--compile-from=executable-sources']",435,True,"['--input=1', '--benchmark_repetitions=3']",True,hip://2,True,357.5,849.0,269.67,2.37483,392,559,167,204,302.06,,tuning_2025_09_29_16_28/candidates/specs/435_spec.mlir
compute_gemm_4096_4096_8192_f8E4M3FNUZ_f32_tB,436,contraction,sharkmi300x-4,gfx942,4096,4096,8192,64,16,32,8,8,0,0,0,"[0, 1]",LLVMGPUVectorDistribute,"PipelineOptionsSearchSpace(prefetch_shared_memory=[True], no_reduce_shared_memory_bank_conflicts=[None], use_igemm_convolution=[None])",[2],,#iree_gpu.mma_layout<MFMA_F32_16x16x32_F8E4M3FNUZ>,128,256,64,64,1,1,1,1,"['--iree-hal-target-device=hip', '--iree-hip-target=gfx942', '--compile-from=executable-sources']",436,True,"['--input=1', '--benchmark_repetitions=3']",True,hip://7,True,352.5,7040.0,269.67,19.97163,585,843,258,204,302.06,,tuning_2025_09_29_16_28/candidates/specs/436_spec.mlir
compute_gemm_4096_4096_8192_f8E4M3FNUZ_f32_tB,437,contraction,sharkmi300x-4,gfx942,4096,4096,8192,64,32,16,8,8,0,0,0,"[0, 1]",LLVMGPUVectorDistribute,"PipelineOptionsSearchSpace(prefetch_shared_memory=[True], no_reduce_shared_memory_bank_conflicts=[None], use_igemm_convolution=[None])",[2],,#iree_gpu.mma_layout<MFMA_F32_32x32x16_F8E4M3FNUZ>,128,256,32,128,1,1,1,2,"['--iree-hal-target-device=hip', '--iree-hip-target=gfx942', '--compile-from=executable-sources']",437,True,"['--input=1', '--benchmark_repetitions=3']",True,hip://7,True,352.5,2580.0,269.67,7.31915,427,792,365,204,302.06,,tuning_2025_09_29_16_28/candidates/specs/437_spec.mlir
compute_gemm_4096_4096_8192_f8E4M3FNUZ_f32_tB,438,contraction,sharkmi300x-4,gfx942,4096,4096,8192,64,16,32,8,8,0,0,0,"[0, 1]",LLVMGPUVectorDistribute,"PipelineOptionsSearchSpace(prefetch_shared_memory=[True], no_reduce_shared_memory_bank_conflicts=[None], use_igemm_convolution=[None])",[2],,#iree_gpu.mma_layout<MFMA_F32_16x16x32_F8E4M3FNUZ>,128,128,32,64,2,1,2,1,"['--iree-hal-target-device=hip', '--iree-hip-target=gfx942', '--compile-from=executable-sources']",438,True,"['--input=1', '--benchmark_repetitions=3']",True,hip://6,True,357.33,518.33,269.67,1.45056,410,314,96,204,302.06,,tuning_2025_09_29_16_28/candidates/specs/438_spec.mlir
compute_gemm_4096_4096_8192_f8E4M3FNUZ_f32_tB,439,contraction,sharkmi300x-4,gfx942,4096,4096,8192,64,32,16,8,8,0,0,0,"[0, 1]",LLVMGPUVectorDistribute,"PipelineOptionsSearchSpace(prefetch_shared_memory=[True], no_reduce_shared_memory_bank_conflicts=[None], use_igemm_convolution=[None])",[2],,#iree_gpu.mma_layout<MFMA_F32_32x32x16_F8E4M3FNUZ>,256,32,128,64,4,1,4,1,"['--iree-hal-target-device=hip', '--iree-hip-target=gfx942', '--compile-from=executable-sources']",439,True,"['--input=1', '--benchmark_repetitions=3']",True,hip://7,True,352.5,546.33,269.67,1.54988,400,372,28,204,302.06,,tuning_2025_09_29_16_28/candidates/specs/439_spec.mlir
compute_gemm_4096_4096_8192_f8E4M3FNUZ_f32_tB,440,contraction,sharkmi300x-4,gfx942,4096,4096,8192,64,32,16,8,8,0,0,0,"[0, 1]",LLVMGPUVectorDistribute,"PipelineOptionsSearchSpace(prefetch_shared_memory=[True], no_reduce_shared_memory_bank_conflicts=[None], use_igemm_convolution=[None])",[2],,#iree_gpu.mma_layout<MFMA_F32_32x32x16_F8E4M3FNUZ>,512,512,64,64,8,1,8,1,"['--iree-hal-target-device=hip', '--iree-hip-target=gfx942', '--compile-from=executable-sources']",440,True,"['--input=1', '--benchmark_repetitions=3']",True,hip://2,True,357.5,13800.0,269.67,38.6014,490,916,426,204,302.06,,tuning_2025_09_29_16_28/candidates/specs/440_spec.mlir
compute_gemm_4096_4096_8192_f8E4M3FNUZ_f32_tB,441,contraction,sharkmi300x-4,gfx942,4096,4096,8192,64,32,16,8,8,0,0,0,"[0, 1]",LLVMGPUVectorDistribute,"PipelineOptionsSearchSpace(prefetch_shared_memory=[True], no_reduce_shared_memory_bank_conflicts=[None], use_igemm_convolution=[None])",[2],,#iree_gpu.mma_layout<MFMA_F32_32x32x16_F8E4M3FNUZ>,64,256,64,256,2,1,2,4,"['--iree-hal-target-device=hip', '--iree-hip-target=gfx942', '--compile-from=executable-sources']",441,True,"['--input=1', '--benchmark_repetitions=3']",True,hip://2,True,357.5,361.33,269.67,1.01072,402,99,303,204,302.06,,tuning_2025_09_29_16_28/candidates/specs/441_spec.mlir
compute_gemm_4096_4096_8192_f8E4M3FNUZ_f32_tB,442,contraction,sharkmi300x-4,gfx942,4096,4096,8192,64,16,32,8,8,0,0,0,"[0, 1]",LLVMGPUVectorDistribute,"PipelineOptionsSearchSpace(prefetch_shared_memory=[True], no_reduce_shared_memory_bank_conflicts=[None], use_igemm_convolution=[None])",[2],,#iree_gpu.mma_layout<MFMA_F32_16x16x32_F8E4M3FNUZ>,128,128,32,64,1,1,1,1,"['--iree-hal-target-device=hip', '--iree-hip-target=gfx942', '--compile-from=executable-sources']",442,True,"['--input=1', '--benchmark_repetitions=3']",True,hip://2,True,357.5,2296.67,269.67,6.42424,435,778,343,204,302.06,,tuning_2025_09_29_16_28/candidates/specs/442_spec.mlir
compute_gemm_4096_4096_8192_f8E4M3FNUZ_f32_tB,443,contraction,sharkmi300x-4,gfx942,4096,4096,8192,64,16,32,8,8,0,0,0,"[0, 1]",LLVMGPUVectorDistribute,"PipelineOptionsSearchSpace(prefetch_shared_memory=[True], no_reduce_shared_memory_bank_conflicts=[None], use_igemm_convolution=[None])",[2],,#iree_gpu.mma_layout<MFMA_F32_16x16x32_F8E4M3FNUZ>,256,128,64,256,1,1,1,4,"['--iree-hal-target-device=hip', '--iree-hip-target=gfx942', '--compile-from=executable-sources']",443,True,"['--input=1', '--benchmark_repetitions=3']",True,hip://5,True,360.33,326.67,269.67,0.90657,417,47,370,204,302.06,,tuning_2025_09_29_16_28/candidates/specs/443_spec.mlir
compute_gemm_4096_4096_8192_f8E4M3FNUZ_f32_tB,444,contraction,sharkmi300x-4,gfx942,4096,4096,8192,64,32,16,8,8,0,0,0,"[0, 1]",LLVMGPUVectorDistribute,"PipelineOptionsSearchSpace(prefetch_shared_memory=[True], no_reduce_shared_memory_bank_conflicts=[None], use_igemm_convolution=[None])",[2],,#iree_gpu.mma_layout<MFMA_F32_32x32x16_F8E4M3FNUZ>,64,64,64,64,2,1,2,1,"['--iree-hal-target-device=hip', '--iree-hip-target=gfx942', '--compile-from=executable-sources']",444,True,"['--input=1', '--benchmark_repetitions=3']",True,hip://6,True,357.33,516.33,269.67,1.44496,403,310,93,204,302.06,,tuning_2025_09_29_16_28/candidates/specs/444_spec.mlir
compute_gemm_4096_4096_8192_f8E4M3FNUZ_f32_tB,445,contraction,sharkmi300x-4,gfx942,4096,4096,8192,64,16,32,8,8,0,0,0,"[0, 1]",LLVMGPUVectorDistribute,"PipelineOptionsSearchSpace(prefetch_shared_memory=[True], no_reduce_shared_memory_bank_conflicts=[None], use_igemm_convolution=[None])",[2],,#iree_gpu.mma_layout<MFMA_F32_16x16x32_F8E4M3FNUZ>,16,128,128,64,1,1,1,1,"['--iree-hal-target-device=hip', '--iree-hip-target=gfx942', '--compile-from=executable-sources']",445,True,"['--input=1', '--benchmark_repetitions=3']",True,hip://2,True,357.5,644.67,269.67,1.80326,412,437,25,204,302.06,,tuning_2025_09_29_16_28/candidates/specs/445_spec.mlir
compute_gemm_4096_4096_8192_f8E4M3FNUZ_f32_tB,446,contraction,sharkmi300x-4,gfx942,4096,4096,8192,64,32,16,8,8,0,0,0,"[0, 1]",LLVMGPUVectorDistribute,"PipelineOptionsSearchSpace(prefetch_shared_memory=[True], no_reduce_shared_memory_bank_conflicts=[None], use_igemm_convolution=[None])",[2],,#iree_gpu.mma_layout<MFMA_F32_32x32x16_F8E4M3FNUZ>,128,64,32,128,2,1,2,2,"['--iree-hal-target-device=hip', '--iree-hip-target=gfx942', '--compile-from=executable-sources']",446,True,"['--input=1', '--benchmark_repetitions=3']",True,hip://7,True,352.5,730.67,269.67,2.07281,404,513,109,204,302.06,,tuning_2025_09_29_16_28/candidates/specs/446_spec.mlir
compute_gemm_4096_4096_8192_f8E4M3FNUZ_f32_tB,447,contraction,sharkmi300x-4,gfx942,4096,4096,8192,64,16,32,8,8,0,0,0,"[0, 1]",LLVMGPUVectorDistribute,"PipelineOptionsSearchSpace(prefetch_shared_memory=[True], no_reduce_shared_memory_bank_conflicts=[None], use_igemm_convolution=[None])",[2],,#iree_gpu.mma_layout<MFMA_F32_16x16x32_F8E4M3FNUZ>,256,32,32,128,2,1,2,2,"['--iree-hal-target-device=hip', '--iree-hip-target=gfx942', '--compile-from=executable-sources']",447,True,"['--input=1', '--benchmark_repetitions=3']",True,hip://7,True,352.5,1020.0,269.67,2.89362,408,644,236,204,302.06,,tuning_2025_09_29_16_28/candidates/specs/447_spec.mlir
compute_gemm_4096_4096_8192_f8E4M3FNUZ_f32_tB,448,contraction,sharkmi300x-4,gfx942,4096,4096,8192,64,32,16,8,8,0,0,0,"[0, 1]",LLVMGPUVectorDistribute,"PipelineOptionsSearchSpace(prefetch_shared_memory=[True], no_reduce_shared_memory_bank_conflicts=[None], use_igemm_convolution=[None])",[2],,#iree_gpu.mma_layout<MFMA_F32_32x32x16_F8E4M3FNUZ>,256,512,64,128,1,1,1,2,"['--iree-hal-target-device=hip', '--iree-hip-target=gfx942', '--compile-from=executable-sources']",448,True,"['--input=1', '--benchmark_repetitions=3']",True,hip://5,True,360.33,18300.0,269.67,50.78631,692,936,244,204,302.06,,tuning_2025_09_29_16_28/candidates/specs/448_spec.mlir
compute_gemm_4096_4096_8192_f8E4M3FNUZ_f32_tB,449,contraction,sharkmi300x-4,gfx942,4096,4096,8192,64,32,16,8,8,0,0,0,"[0, 1]",LLVMGPUVectorDistribute,"PipelineOptionsSearchSpace(prefetch_shared_memory=[True], no_reduce_shared_memory_bank_conflicts=[None], use_igemm_convolution=[None])",[2],,#iree_gpu.mma_layout<MFMA_F32_32x32x16_F8E4M3FNUZ>,128,64,128,128,4,1,4,2,"['--iree-hal-target-device=hip', '--iree-hip-target=gfx942', '--compile-from=executable-sources']",449,True,"['--input=1', '--benchmark_repetitions=3']",True,hip://2,True,357.5,313.0,269.67,0.87552,407,26,381,204,302.06,,tuning_2025_09_29_16_28/candidates/specs/449_spec.mlir
compute_gemm_4096_4096_8192_f8E4M3FNUZ_f32_tB,450,contraction,sharkmi300x-4,gfx942,4096,4096,8192,64,16,32,8,8,0,0,0,"[0, 1]",LLVMGPUVectorDistribute,"PipelineOptionsSearchSpace(prefetch_shared_memory=[True], no_reduce_shared_memory_bank_conflicts=[None], use_igemm_convolution=[None])",[2],,#iree_gpu.mma_layout<MFMA_F32_16x16x32_F8E4M3FNUZ>,512,128,64,256,2,1,2,4,"['--iree-hal-target-device=hip', '--iree-hip-target=gfx942', '--compile-from=executable-sources']",450,True,"['--input=1', '--benchmark_repetitions=3']",True,hip://2,True,357.5,338.67,269.67,0.94732,424,71,353,204,302.06,,tuning_2025_09_29_16_28/candidates/specs/450_spec.mlir
compute_gemm_4096_4096_8192_f8E4M3FNUZ_f32_tB,451,contraction,sharkmi300x-4,gfx942,4096,4096,8192,64,16,32,8,8,0,0,0,"[0, 1]",LLVMGPUVectorDistribute,"PipelineOptionsSearchSpace(prefetch_shared_memory=[True], no_reduce_shared_memory_bank_conflicts=[None], use_igemm_convolution=[None])",[2],,#iree_gpu.mma_layout<MFMA_F32_16x16x32_F8E4M3FNUZ>,128,128,32,128,4,1,4,2,"['--iree-hal-target-device=hip', '--iree-hip-target=gfx942', '--compile-from=executable-sources']",451,True,"['--input=1', '--benchmark_repetitions=3']",True,hip://5,True,360.33,507.67,269.67,1.40888,409,293,116,204,302.06,,tuning_2025_09_29_16_28/candidates/specs/451_spec.mlir
compute_gemm_4096_4096_8192_f8E4M3FNUZ_f32_tB,452,contraction,sharkmi300x-4,gfx942,4096,4096,8192,64,16,32,8,8,0,0,0,"[0, 1]",LLVMGPUVectorDistribute,"PipelineOptionsSearchSpace(prefetch_shared_memory=[True], no_reduce_shared_memory_bank_conflicts=[None], use_igemm_convolution=[None])",[2],,#iree_gpu.mma_layout<MFMA_F32_16x16x32_F8E4M3FNUZ>,64,128,256,64,1,1,1,1,"['--iree-hal-target-device=hip', '--iree-hip-target=gfx942', '--compile-from=executable-sources']",452,True,"['--input=1', '--benchmark_repetitions=3']",True,hip://2,True,357.5,897.67,269.67,2.51096,447,585,138,204,302.06,,tuning_2025_09_29_16_28/candidates/specs/452_spec.mlir
compute_gemm_4096_4096_8192_f8E4M3FNUZ_f32_tB,453,contraction,sharkmi300x-4,gfx942,4096,4096,8192,64,16,32,8,8,0,0,0,"[0, 1]",LLVMGPUVectorDistribute,"PipelineOptionsSearchSpace(prefetch_shared_memory=[True], no_reduce_shared_memory_bank_conflicts=[None], use_igemm_convolution=[None])",[2],,#iree_gpu.mma_layout<MFMA_F32_16x16x32_F8E4M3FNUZ>,128,32,32,64,8,1,8,1,"['--iree-hal-target-device=hip', '--iree-hip-target=gfx942', '--compile-from=executable-sources']",453,True,"['--input=1', '--benchmark_repetitions=3']",True,hip://6,True,357.33,1070.0,269.67,2.9944,406,655,249,204,302.06,,tuning_2025_09_29_16_28/candidates/specs/453_spec.mlir
compute_gemm_4096_4096_8192_f8E4M3FNUZ_f32_tB,454,contraction,sharkmi300x-4,gfx942,4096,4096,8192,64,16,32,8,8,0,0,0,"[0, 1]",LLVMGPUVectorDistribute,"PipelineOptionsSearchSpace(prefetch_shared_memory=[True], no_reduce_shared_memory_bank_conflicts=[None], use_igemm_convolution=[None])",[2],,#iree_gpu.mma_layout<MFMA_F32_16x16x32_F8E4M3FNUZ>,64,128,256,128,2,1,2,2,"['--iree-hal-target-device=hip', '--iree-hip-target=gfx942', '--compile-from=executable-sources']",454,True,"['--input=1', '--benchmark_repetitions=3']",True,hip://2,True,357.5,406.0,269.67,1.13566,416,167,249,204,302.06,,tuning_2025_09_29_16_28/candidates/specs/454_spec.mlir
compute_gemm_4096_4096_8192_f8E4M3FNUZ_f32_tB,455,contraction,sharkmi300x-4,gfx942,4096,4096,8192,64,16,32,8,8,0,0,0,"[0, 1]",LLVMGPUVectorDistribute,"PipelineOptionsSearchSpace(prefetch_shared_memory=[True], no_reduce_shared_memory_bank_conflicts=[None], use_igemm_convolution=[None])",[2],,#iree_gpu.mma_layout<MFMA_F32_16x16x32_F8E4M3FNUZ>,256,16,32,64,2,1,2,1,"['--iree-hal-target-device=hip', '--iree-hip-target=gfx942', '--compile-from=executable-sources']",455,True,"['--input=1', '--benchmark_repetitions=3']",True,hip://7,True,352.5,1676.67,269.67,4.7565,411,730,319,204,302.06,,tuning_2025_09_29_16_28/candidates/specs/455_spec.mlir
compute_gemm_4096_4096_8192_f8E4M3FNUZ_f32_tB,456,contraction,sharkmi300x-4,gfx942,4096,4096,8192,64,32,16,8,8,0,0,0,"[0, 1]",LLVMGPUVectorDistribute,"PipelineOptionsSearchSpace(prefetch_shared_memory=[True], no_reduce_shared_memory_bank_conflicts=[None], use_igemm_convolution=[None])",[2],,#iree_gpu.mma_layout<MFMA_F32_32x32x16_F8E4M3FNUZ>,512,256,32,128,4,1,4,2,"['--iree-hal-target-device=hip', '--iree-hip-target=gfx942', '--compile-from=executable-sources']",456,True,"['--input=1', '--benchmark_repetitions=3']",True,hip://7,True,352.5,2923.33,269.67,8.29314,436,797,361,204,302.06,,tuning_2025_09_29_16_28/candidates/specs/456_spec.mlir
compute_gemm_4096_4096_8192_f8E4M3FNUZ_f32_tB,457,contraction,sharkmi300x-4,gfx942,4096,4096,8192,64,32,16,8,8,0,0,0,"[0, 1]",LLVMGPUVectorDistribute,"PipelineOptionsSearchSpace(prefetch_shared_memory=[True], no_reduce_shared_memory_bank_conflicts=[None], use_igemm_convolution=[None])",[2],,#iree_gpu.mma_layout<MFMA_F32_32x32x16_F8E4M3FNUZ>,256,256,64,128,4,1,4,2,"['--iree-hal-target-device=hip', '--iree-hip-target=gfx942', '--compile-from=executable-sources']",457,True,"['--input=1', '--benchmark_repetitions=3']",True,hip://5,True,360.33,278.33,269.67,0.77243,421,3,418,204,302.06,411.7,tuning_2025_09_29_16_28/candidates/specs/457_spec.mlir
compute_gemm_4096_4096_8192_f8E4M3FNUZ_f32_tB,458,contraction,sharkmi300x-4,gfx942,4096,4096,8192,64,32,16,8,8,0,0,0,"[0, 1]",LLVMGPUVectorDistribute,"PipelineOptionsSearchSpace(prefetch_shared_memory=[True], no_reduce_shared_memory_bank_conflicts=[None], use_igemm_convolution=[None])",[2],,#iree_gpu.mma_layout<MFMA_F32_32x32x16_F8E4M3FNUZ>,512,256,32,64,8,1,8,1,"['--iree-hal-target-device=hip', '--iree-hip-target=gfx942', '--compile-from=executable-sources']",458,True,"['--input=1', '--benchmark_repetitions=3']",True,hip://7,True,352.5,2640.0,269.67,7.48936,440,793,353,204,302.06,,tuning_2025_09_29_16_28/candidates/specs/458_spec.mlir
compute_gemm_4096_4096_8192_f8E4M3FNUZ_f32_tB,459,contraction,sharkmi300x-4,gfx942,4096,4096,8192,64,16,32,8,8,0,0,0,"[0, 1]",LLVMGPUVectorDistribute,"PipelineOptionsSearchSpace(prefetch_shared_memory=[True], no_reduce_shared_memory_bank_conflicts=[None], use_igemm_convolution=[None])",[2],,#iree_gpu.mma_layout<MFMA_F32_16x16x32_F8E4M3FNUZ>,64,256,64,64,1,1,1,1,"['--iree-hal-target-device=hip', '--iree-hip-target=gfx942', '--compile-from=executable-sources']",459,True,"['--input=1', '--benchmark_repetitions=3']",True,hip://5,True,360.33,875.67,269.67,2.43016,453,570,117,204,302.06,,tuning_2025_09_29_16_28/candidates/specs/459_spec.mlir
compute_gemm_4096_4096_8192_f8E4M3FNUZ_f32_tB,460,contraction,sharkmi300x-4,gfx942,4096,4096,8192,64,32,16,8,8,0,0,0,"[0, 1]",LLVMGPUVectorDistribute,"PipelineOptionsSearchSpace(prefetch_shared_memory=[True], no_reduce_shared_memory_bank_conflicts=[None], use_igemm_convolution=[None])",[2],,#iree_gpu.mma_layout<MFMA_F32_32x32x16_F8E4M3FNUZ>,64,128,128,64,2,1,2,1,"['--iree-hal-target-device=hip', '--iree-hip-target=gfx942', '--compile-from=executable-sources']",460,True,"['--input=1', '--benchmark_repetitions=3']",True,hip://2,True,357.5,347.67,269.67,0.97249,420,84,336,204,302.06,,tuning_2025_09_29_16_28/candidates/specs/460_spec.mlir
compute_gemm_4096_4096_8192_f8E4M3FNUZ_f32_tB,461,contraction,sharkmi300x-4,gfx942,4096,4096,8192,64,32,16,8,8,0,0,0,"[0, 1]",LLVMGPUVectorDistribute,"PipelineOptionsSearchSpace(prefetch_shared_memory=[True], no_reduce_shared_memory_bank_conflicts=[None], use_igemm_convolution=[None])",[2],,#iree_gpu.mma_layout<MFMA_F32_32x32x16_F8E4M3FNUZ>,128,128,256,128,1,1,1,2,"['--iree-hal-target-device=hip', '--iree-hip-target=gfx942', '--compile-from=executable-sources']",461,True,"['--input=1', '--benchmark_repetitions=3']",True,hip://5,True,360.33,1043.33,269.67,2.89547,445,645,200,204,302.06,,tuning_2025_09_29_16_28/candidates/specs/461_spec.mlir
compute_gemm_4096_4096_8192_f8E4M3FNUZ_f32_tB,462,contraction,sharkmi300x-4,gfx942,4096,4096,8192,64,16,32,8,8,0,0,0,"[0, 1]",LLVMGPUVectorDistribute,"PipelineOptionsSearchSpace(prefetch_shared_memory=[True], no_reduce_shared_memory_bank_conflicts=[None], use_igemm_convolution=[None])",[2],,#iree_gpu.mma_layout<MFMA_F32_16x16x32_F8E4M3FNUZ>,128,64,64,64,8,1,8,1,"['--iree-hal-target-device=hip', '--iree-hip-target=gfx942', '--compile-from=executable-sources']",462,True,"['--input=1', '--benchmark_repetitions=3']",True,hip://7,True,352.5,443.0,269.67,1.25674,415,220,195,204,302.06,,tuning_2025_09_29_16_28/candidates/specs/462_spec.mlir
compute_gemm_4096_4096_8192_f8E4M3FNUZ_f32_tB,463,contraction,sharkmi300x-4,gfx942,4096,4096,8192,64,16,32,8,8,0,0,0,"[0, 1]",LLVMGPUVectorDistribute,"PipelineOptionsSearchSpace(prefetch_shared_memory=[True], no_reduce_shared_memory_bank_conflicts=[None], use_igemm_convolution=[None])",[2],,#iree_gpu.mma_layout<MFMA_F32_16x16x32_F8E4M3FNUZ>,128,128,256,64,4,1,4,1,"['--iree-hal-target-device=hip', '--iree-hip-target=gfx942', '--compile-from=executable-sources']",463,True,"['--input=1', '--benchmark_repetitions=3']",True,hip://7,True,352.5,1493.33,269.67,4.23641,432,708,276,204,302.06,,tuning_2025_09_29_16_28/candidates/specs/463_spec.mlir
compute_gemm_4096_4096_8192_f8E4M3FNUZ_f32_tB,464,contraction,sharkmi300x-4,gfx942,4096,4096,8192,64,16,32,8,8,0,0,0,"[0, 1]",LLVMGPUVectorDistribute,"PipelineOptionsSearchSpace(prefetch_shared_memory=[True], no_reduce_shared_memory_bank_conflicts=[None], use_igemm_convolution=[None])",[2],,#iree_gpu.mma_layout<MFMA_F32_16x16x32_F8E4M3FNUZ>,512,256,32,256,1,1,1,4,"['--iree-hal-target-device=hip', '--iree-hip-target=gfx942', '--compile-from=executable-sources']",464,True,"['--input=1', '--benchmark_repetitions=3']",True,hip://6,True,357.33,7750.0,269.67,21.68843,499,856,357,204,302.06,,tuning_2025_09_29_16_28/candidates/specs/464_spec.mlir
compute_gemm_4096_4096_8192_f8E4M3FNUZ_f32_tB,465,contraction,sharkmi300x-4,gfx942,4096,4096,8192,64,32,16,8,8,0,0,0,"[0, 1]",LLVMGPUVectorDistribute,"PipelineOptionsSearchSpace(prefetch_shared_memory=[True], no_reduce_shared_memory_bank_conflicts=[None], use_igemm_convolution=[None])",[2],,#iree_gpu.mma_layout<MFMA_F32_32x32x16_F8E4M3FNUZ>,512,512,32,64,1,1,1,1,"['--iree-hal-target-device=hip', '--iree-hip-target=gfx942', '--compile-from=executable-sources']",465,False,"['--input=1', '--benchmark_repetitions=3']",False,,False,,,,,,,,,,,tuning_2025_09_29_16_28/candidates/specs/465_spec.mlir
compute_gemm_4096_4096_8192_f8E4M3FNUZ_f32_tB,466,contraction,sharkmi300x-4,gfx942,4096,4096,8192,64,16,32,8,8,0,0,0,"[0, 1]",LLVMGPUVectorDistribute,"PipelineOptionsSearchSpace(prefetch_shared_memory=[True], no_reduce_shared_memory_bank_conflicts=[None], use_igemm_convolution=[None])",[2],,#iree_gpu.mma_layout<MFMA_F32_16x16x32_F8E4M3FNUZ>,256,16,128,64,1,1,1,1,"['--iree-hal-target-device=hip', '--iree-hip-target=gfx942', '--compile-from=executable-sources']",466,True,"['--input=1', '--benchmark_repetitions=3']",True,hip://5,True,360.33,1510.0,269.67,4.19056,437,704,267,204,302.06,,tuning_2025_09_29_16_28/candidates/specs/466_spec.mlir
compute_gemm_4096_4096_8192_f8E4M3FNUZ_f32_tB,467,contraction,sharkmi300x-4,gfx942,4096,4096,8192,64,16,32,8,8,0,0,0,"[0, 1]",LLVMGPUVectorDistribute,"PipelineOptionsSearchSpace(prefetch_shared_memory=[True], no_reduce_shared_memory_bank_conflicts=[None], use_igemm_convolution=[None])",[2],,#iree_gpu.mma_layout<MFMA_F32_16x16x32_F8E4M3FNUZ>,256,512,64,256,1,1,1,4,"['--iree-hal-target-device=hip', '--iree-hip-target=gfx942', '--compile-from=executable-sources']",467,True,"['--input=1', '--benchmark_repetitions=3']",True,hip://2,True,357.5,6936.67,269.67,19.40326,551,840,289,204,302.06,,tuning_2025_09_29_16_28/candidates/specs/467_spec.mlir
compute_gemm_4096_4096_8192_f8E4M3FNUZ_f32_tB,468,contraction,sharkmi300x-4,gfx942,4096,4096,8192,64,16,32,8,8,0,0,0,"[0, 1]",LLVMGPUVectorDistribute,"PipelineOptionsSearchSpace(prefetch_shared_memory=[True], no_reduce_shared_memory_bank_conflicts=[None], use_igemm_convolution=[None])",[2],,#iree_gpu.mma_layout<MFMA_F32_16x16x32_F8E4M3FNUZ>,128,64,256,64,1,1,1,1,"['--iree-hal-target-device=hip', '--iree-hip-target=gfx942', '--compile-from=executable-sources']",468,True,"['--input=1', '--benchmark_repetitions=3']",True,hip://2,True,357.5,839.33,269.67,2.34779,458,553,95,204,302.06,,tuning_2025_09_29_16_28/candidates/specs/468_spec.mlir
compute_gemm_4096_4096_8192_f8E4M3FNUZ_f32_tB,469,contraction,sharkmi300x-4,gfx942,4096,4096,8192,64,16,32,8,8,0,0,0,"[0, 1]",LLVMGPUVectorDistribute,"PipelineOptionsSearchSpace(prefetch_shared_memory=[True], no_reduce_shared_memory_bank_conflicts=[None], use_igemm_convolution=[None])",[2],,#iree_gpu.mma_layout<MFMA_F32_16x16x32_F8E4M3FNUZ>,16,128,128,128,1,1,1,2,"['--iree-hal-target-device=hip', '--iree-hip-target=gfx942', '--compile-from=executable-sources']",469,True,"['--input=1', '--benchmark_repetitions=3']",True,hip://6,True,357.33,624.0,269.67,1.74627,422,419,3,204,302.06,,tuning_2025_09_29_16_28/candidates/specs/469_spec.mlir
compute_gemm_4096_4096_8192_f8E4M3FNUZ_f32_tB,470,contraction,sharkmi300x-4,gfx942,4096,4096,8192,64,32,16,8,8,0,0,0,"[0, 1]",LLVMGPUVectorDistribute,"PipelineOptionsSearchSpace(prefetch_shared_memory=[True], no_reduce_shared_memory_bank_conflicts=[None], use_igemm_convolution=[None])",[2],,#iree_gpu.mma_layout<MFMA_F32_32x32x16_F8E4M3FNUZ>,64,512,32,64,1,1,1,1,"['--iree-hal-target-device=hip', '--iree-hip-target=gfx942', '--compile-from=executable-sources']",470,True,"['--input=1', '--benchmark_repetitions=3']",True,hip://5,True,360.33,12400.0,269.67,34.41258,508,906,398,204,302.06,,tuning_2025_09_29_16_28/candidates/specs/470_spec.mlir
compute_gemm_4096_4096_8192_f8E4M3FNUZ_f32_tB,471,contraction,sharkmi300x-4,gfx942,4096,4096,8192,64,16,32,8,8,0,0,0,"[0, 1]",LLVMGPUVectorDistribute,"PipelineOptionsSearchSpace(prefetch_shared_memory=[True], no_reduce_shared_memory_bank_conflicts=[None], use_igemm_convolution=[None])",[2],,#iree_gpu.mma_layout<MFMA_F32_16x16x32_F8E4M3FNUZ>,64,128,128,128,1,1,1,2,"['--iree-hal-target-device=hip', '--iree-hip-target=gfx942', '--compile-from=executable-sources']",471,True,"['--input=1', '--benchmark_repetitions=3']",True,hip://5,True,360.33,358.67,269.67,0.99537,429,93,336,204,302.06,,tuning_2025_09_29_16_28/candidates/specs/471_spec.mlir
compute_gemm_4096_4096_8192_f8E4M3FNUZ_f32_tB,472,contraction,sharkmi300x-4,gfx942,4096,4096,8192,64,16,32,8,8,0,0,0,"[0, 1]",LLVMGPUVectorDistribute,"PipelineOptionsSearchSpace(prefetch_shared_memory=[True], no_reduce_shared_memory_bank_conflicts=[None], use_igemm_convolution=[None])",[2],,#iree_gpu.mma_layout<MFMA_F32_16x16x32_F8E4M3FNUZ>,256,512,64,64,8,1,8,1,"['--iree-hal-target-device=hip', '--iree-hip-target=gfx942', '--compile-from=executable-sources']",472,True,"['--input=1', '--benchmark_repetitions=3']",True,hip://6,True,357.33,4416.67,269.67,12.36007,459,817,358,204,302.06,,tuning_2025_09_29_16_28/candidates/specs/472_spec.mlir
compute_gemm_4096_4096_8192_f8E4M3FNUZ_f32_tB,473,contraction,sharkmi300x-4,gfx942,4096,4096,8192,64,32,16,8,8,0,0,0,"[0, 1]",LLVMGPUVectorDistribute,"PipelineOptionsSearchSpace(prefetch_shared_memory=[True], no_reduce_shared_memory_bank_conflicts=[None], use_igemm_convolution=[None])",[2],,#iree_gpu.mma_layout<MFMA_F32_32x32x16_F8E4M3FNUZ>,128,512,32,128,4,1,4,2,"['--iree-hal-target-device=hip', '--iree-hip-target=gfx942', '--compile-from=executable-sources']",473,True,"['--input=1', '--benchmark_repetitions=3']",True,hip://6,True,357.33,486.67,269.67,1.36194,434,268,166,204,302.06,,tuning_2025_09_29_16_28/candidates/specs/473_spec.mlir
compute_gemm_4096_4096_8192_f8E4M3FNUZ_f32_tB,474,contraction,sharkmi300x-4,gfx942,4096,4096,8192,64,16,32,8,8,0,0,0,"[0, 1]",LLVMGPUVectorDistribute,"PipelineOptionsSearchSpace(prefetch_shared_memory=[True], no_reduce_shared_memory_bank_conflicts=[None], use_igemm_convolution=[None])",[2],,#iree_gpu.mma_layout<MFMA_F32_16x16x32_F8E4M3FNUZ>,16,128,32,128,1,1,1,2,"['--iree-hal-target-device=hip', '--iree-hip-target=gfx942', '--compile-from=executable-sources']",474,True,"['--input=1', '--benchmark_repetitions=3']",True,hip://7,True,352.5,1780.0,269.67,5.04965,423,742,319,204,302.06,,tuning_2025_09_29_16_28/candidates/specs/474_spec.mlir
compute_gemm_4096_4096_8192_f8E4M3FNUZ_f32_tB,475,contraction,sharkmi300x-4,gfx942,4096,4096,8192,64,16,32,8,8,0,0,0,"[0, 1]",LLVMGPUVectorDistribute,"PipelineOptionsSearchSpace(prefetch_shared_memory=[True], no_reduce_shared_memory_bank_conflicts=[None], use_igemm_convolution=[None])",[2],,#iree_gpu.mma_layout<MFMA_F32_16x16x32_F8E4M3FNUZ>,512,32,64,64,2,1,2,1,"['--iree-hal-target-device=hip', '--iree-hip-target=gfx942', '--compile-from=executable-sources']",475,True,"['--input=1', '--benchmark_repetitions=3']",True,hip://6,True,357.33,1050.0,269.67,2.93843,442,653,211,204,302.06,,tuning_2025_09_29_16_28/candidates/specs/475_spec.mlir
compute_gemm_4096_4096_8192_f8E4M3FNUZ_f32_tB,476,contraction,sharkmi300x-4,gfx942,4096,4096,8192,64,16,32,8,8,0,0,0,"[0, 1]",LLVMGPUVectorDistribute,"PipelineOptionsSearchSpace(prefetch_shared_memory=[True], no_reduce_shared_memory_bank_conflicts=[None], use_igemm_convolution=[None])",[2],,#iree_gpu.mma_layout<MFMA_F32_16x16x32_F8E4M3FNUZ>,256,64,32,256,2,1,2,4,"['--iree-hal-target-device=hip', '--iree-hip-target=gfx942', '--compile-from=executable-sources']",476,True,"['--input=1', '--benchmark_repetitions=3']",True,hip://2,True,357.5,646.33,269.67,1.80793,428,442,14,204,302.06,,tuning_2025_09_29_16_28/candidates/specs/476_spec.mlir
compute_gemm_4096_4096_8192_f8E4M3FNUZ_f32_tB,477,contraction,sharkmi300x-4,gfx942,4096,4096,8192,64,32,16,8,8,0,0,0,"[0, 1]",LLVMGPUVectorDistribute,"PipelineOptionsSearchSpace(prefetch_shared_memory=[True], no_reduce_shared_memory_bank_conflicts=[None], use_igemm_convolution=[None])",[2],,#iree_gpu.mma_layout<MFMA_F32_32x32x16_F8E4M3FNUZ>,32,128,256,128,1,1,1,2,"['--iree-hal-target-device=hip', '--iree-hip-target=gfx942', '--compile-from=executable-sources']",477,True,"['--input=1', '--benchmark_repetitions=3']",True,hip://5,True,360.33,689.33,269.67,1.91304,433,478,45,204,302.06,,tuning_2025_09_29_16_28/candidates/specs/477_spec.mlir
compute_gemm_4096_4096_8192_f8E4M3FNUZ_f32_tB,478,contraction,sharkmi300x-4,gfx942,4096,4096,8192,64,16,32,8,8,0,0,0,"[0, 1]",LLVMGPUVectorDistribute,"PipelineOptionsSearchSpace(prefetch_shared_memory=[True], no_reduce_shared_memory_bank_conflicts=[None], use_igemm_convolution=[None])",[2],,#iree_gpu.mma_layout<MFMA_F32_16x16x32_F8E4M3FNUZ>,512,256,64,128,1,1,1,2,"['--iree-hal-target-device=hip', '--iree-hip-target=gfx942', '--compile-from=executable-sources']",478,True,"['--input=1', '--benchmark_repetitions=3']",True,hip://6,True,357.33,14800.0,269.67,41.41791,939,924,15,204,302.06,,tuning_2025_09_29_16_28/candidates/specs/478_spec.mlir
compute_gemm_4096_4096_8192_f8E4M3FNUZ_f32_tB,479,contraction,sharkmi300x-4,gfx942,4096,4096,8192,64,32,16,8,8,0,0,0,"[0, 1]",LLVMGPUVectorDistribute,"PipelineOptionsSearchSpace(prefetch_shared_memory=[True], no_reduce_shared_memory_bank_conflicts=[None], use_igemm_convolution=[None])",[2],,#iree_gpu.mma_layout<MFMA_F32_32x32x16_F8E4M3FNUZ>,512,512,64,128,1,1,1,2,"['--iree-hal-target-device=hip', '--iree-hip-target=gfx942', '--compile-from=executable-sources']",479,True,"['--input=1', '--benchmark_repetitions=3']",True,hip://7,True,352.5,35433.33,269.67,100.52009,948,954,6,204,302.06,,tuning_2025_09_29_16_28/candidates/specs/479_spec.mlir
compute_gemm_4096_4096_8192_f8E4M3FNUZ_f32_tB,480,contraction,sharkmi300x-4,gfx942,4096,4096,8192,64,32,16,8,8,0,0,0,"[0, 1]",LLVMGPUVectorDistribute,"PipelineOptionsSearchSpace(prefetch_shared_memory=[True], no_reduce_shared_memory_bank_conflicts=[None], use_igemm_convolution=[None])",[2],,#iree_gpu.mma_layout<MFMA_F32_32x32x16_F8E4M3FNUZ>,128,128,64,128,1,1,1,2,"['--iree-hal-target-device=hip', '--iree-hip-target=gfx942', '--compile-from=executable-sources']",480,True,"['--input=1', '--benchmark_repetitions=3']",True,hip://6,True,357.33,412.33,269.67,1.15392,438,181,257,204,302.06,,tuning_2025_09_29_16_28/candidates/specs/480_spec.mlir
compute_gemm_4096_4096_8192_f8E4M3FNUZ_f32_tB,481,contraction,sharkmi300x-4,gfx942,4096,4096,8192,64,32,16,8,8,0,0,0,"[0, 1]",LLVMGPUVectorDistribute,"PipelineOptionsSearchSpace(prefetch_shared_memory=[True], no_reduce_shared_memory_bank_conflicts=[None], use_igemm_convolution=[None])",[2],,#iree_gpu.mma_layout<MFMA_F32_32x32x16_F8E4M3FNUZ>,512,32,64,64,1,1,1,1,"['--iree-hal-target-device=hip', '--iree-hip-target=gfx942', '--compile-from=executable-sources']",481,True,"['--input=1', '--benchmark_repetitions=3']",True,hip://5,True,360.33,1250.0,269.67,3.46901,489,684,195,204,302.06,,tuning_2025_09_29_16_28/candidates/specs/481_spec.mlir
compute_gemm_4096_4096_8192_f8E4M3FNUZ_f32_tB,482,contraction,sharkmi300x-4,gfx942,4096,4096,8192,64,32,16,8,8,0,0,0,"[0, 1]",LLVMGPUVectorDistribute,"PipelineOptionsSearchSpace(prefetch_shared_memory=[True], no_reduce_shared_memory_bank_conflicts=[None], use_igemm_convolution=[None])",[2],,#iree_gpu.mma_layout<MFMA_F32_32x32x16_F8E4M3FNUZ>,512,128,32,256,1,1,1,4,"['--iree-hal-target-device=hip', '--iree-hip-target=gfx942', '--compile-from=executable-sources']",482,True,"['--input=1', '--benchmark_repetitions=3']",True,hip://7,True,352.5,1880.0,269.67,5.33333,471,758,287,204,302.06,,tuning_2025_09_29_16_28/candidates/specs/482_spec.mlir
compute_gemm_4096_4096_8192_f8E4M3FNUZ_f32_tB,483,contraction,sharkmi300x-4,gfx942,4096,4096,8192,64,16,32,8,8,0,0,0,"[0, 1]",LLVMGPUVectorDistribute,"PipelineOptionsSearchSpace(prefetch_shared_memory=[True], no_reduce_shared_memory_bank_conflicts=[None], use_igemm_convolution=[None])",[2],,#iree_gpu.mma_layout<MFMA_F32_16x16x32_F8E4M3FNUZ>,256,128,32,64,4,1,4,1,"['--iree-hal-target-device=hip', '--iree-hip-target=gfx942', '--compile-from=executable-sources']",483,True,"['--input=1', '--benchmark_repetitions=3']",True,hip://2,True,357.5,543.0,269.67,1.51888,443,360,83,204,302.06,,tuning_2025_09_29_16_28/candidates/specs/483_spec.mlir
compute_gemm_4096_4096_8192_f8E4M3FNUZ_f32_tB,484,contraction,sharkmi300x-4,gfx942,4096,4096,8192,64,16,32,8,8,0,0,0,"[0, 1]",LLVMGPUVectorDistribute,"PipelineOptionsSearchSpace(prefetch_shared_memory=[True], no_reduce_shared_memory_bank_conflicts=[None], use_igemm_convolution=[None])",[2],,#iree_gpu.mma_layout<MFMA_F32_16x16x32_F8E4M3FNUZ>,32,128,256,64,2,1,2,1,"['--iree-hal-target-device=hip', '--iree-hip-target=gfx942', '--compile-from=executable-sources']",484,True,"['--input=1', '--benchmark_repetitions=3']",True,hip://5,True,360.33,684.67,269.67,1.90009,449,473,24,204,302.06,,tuning_2025_09_29_16_28/candidates/specs/484_spec.mlir
compute_gemm_4096_4096_8192_f8E4M3FNUZ_f32_tB,485,contraction,sharkmi300x-4,gfx942,4096,4096,8192,64,32,16,8,8,0,0,0,"[0, 1]",LLVMGPUVectorDistribute,"PipelineOptionsSearchSpace(prefetch_shared_memory=[True], no_reduce_shared_memory_bank_conflicts=[None], use_igemm_convolution=[None])",[2],,#iree_gpu.mma_layout<MFMA_F32_32x32x16_F8E4M3FNUZ>,64,256,32,128,1,1,1,2,"['--iree-hal-target-device=hip', '--iree-hip-target=gfx942', '--compile-from=executable-sources']",485,True,"['--input=1', '--benchmark_repetitions=3']",True,hip://7,True,352.5,514.0,269.67,1.45816,444,318,126,204,302.06,,tuning_2025_09_29_16_28/candidates/specs/485_spec.mlir
compute_gemm_4096_4096_8192_f8E4M3FNUZ_f32_tB,486,contraction,sharkmi300x-4,gfx942,4096,4096,8192,64,16,32,8,8,0,0,0,"[0, 1]",LLVMGPUVectorDistribute,"PipelineOptionsSearchSpace(prefetch_shared_memory=[True], no_reduce_shared_memory_bank_conflicts=[None], use_igemm_convolution=[None])",[2],,#iree_gpu.mma_layout<MFMA_F32_16x16x32_F8E4M3FNUZ>,512,128,32,64,1,1,1,1,"['--iree-hal-target-device=hip', '--iree-hip-target=gfx942', '--compile-from=executable-sources']",486,True,"['--input=1', '--benchmark_repetitions=3']",True,hip://7,True,352.5,11600.0,269.67,32.9078,878,900,22,204,302.06,,tuning_2025_09_29_16_28/candidates/specs/486_spec.mlir
compute_gemm_4096_4096_8192_f8E4M3FNUZ_f32_tB,487,contraction,sharkmi300x-4,gfx942,4096,4096,8192,64,16,32,8,8,0,0,0,"[0, 1]",LLVMGPUVectorDistribute,"PipelineOptionsSearchSpace(prefetch_shared_memory=[True], no_reduce_shared_memory_bank_conflicts=[None], use_igemm_convolution=[None])",[2],,#iree_gpu.mma_layout<MFMA_F32_16x16x32_F8E4M3FNUZ>,256,64,64,64,1,1,1,1,"['--iree-hal-target-device=hip', '--iree-hip-target=gfx942', '--compile-from=executable-sources']",487,True,"['--input=1', '--benchmark_repetitions=3']",True,hip://5,True,360.33,1516.67,269.67,4.20907,481,706,225,204,302.06,,tuning_2025_09_29_16_28/candidates/specs/487_spec.mlir
compute_gemm_4096_4096_8192_f8E4M3FNUZ_f32_tB,488,contraction,sharkmi300x-4,gfx942,4096,4096,8192,64,16,32,8,8,0,0,0,"[0, 1]",LLVMGPUVectorDistribute,"PipelineOptionsSearchSpace(prefetch_shared_memory=[True], no_reduce_shared_memory_bank_conflicts=[None], use_igemm_convolution=[None])",[2],,#iree_gpu.mma_layout<MFMA_F32_16x16x32_F8E4M3FNUZ>,512,512,64,64,1,1,1,1,"['--iree-hal-target-device=hip', '--iree-hip-target=gfx942', '--compile-from=executable-sources']",488,False,"['--input=1', '--benchmark_repetitions=3']",False,,False,,,,,,,,,,,tuning_2025_09_29_16_28/candidates/specs/488_spec.mlir
compute_gemm_4096_4096_8192_f8E4M3FNUZ_f32_tB,489,contraction,sharkmi300x-4,gfx942,4096,4096,8192,64,16,32,8,8,0,0,0,"[0, 1]",LLVMGPUVectorDistribute,"PipelineOptionsSearchSpace(prefetch_shared_memory=[True], no_reduce_shared_memory_bank_conflicts=[None], use_igemm_convolution=[None])",[2],,#iree_gpu.mma_layout<MFMA_F32_16x16x32_F8E4M3FNUZ>,128,512,32,512,1,1,1,8,"['--iree-hal-target-device=hip', '--iree-hip-target=gfx942', '--compile-from=executable-sources']",489,True,"['--input=1', '--benchmark_repetitions=3']",True,hip://6,True,357.33,480.0,269.67,1.34328,451,258,193,204,302.06,,tuning_2025_09_29_16_28/candidates/specs/489_spec.mlir
compute_gemm_4096_4096_8192_f8E4M3FNUZ_f32_tB,490,contraction,sharkmi300x-4,gfx942,4096,4096,8192,64,16,32,8,8,0,0,0,"[0, 1]",LLVMGPUVectorDistribute,"PipelineOptionsSearchSpace(prefetch_shared_memory=[True], no_reduce_shared_memory_bank_conflicts=[None], use_igemm_convolution=[None])",[2],,#iree_gpu.mma_layout<MFMA_F32_16x16x32_F8E4M3FNUZ>,64,512,64,256,1,1,1,4,"['--iree-hal-target-device=hip', '--iree-hip-target=gfx942', '--compile-from=executable-sources']",490,True,"['--input=1', '--benchmark_repetitions=3']",True,hip://6,True,357.33,628.33,269.67,1.7584,455,422,33,204,302.06,,tuning_2025_09_29_16_28/candidates/specs/490_spec.mlir
compute_gemm_4096_4096_8192_f8E4M3FNUZ_f32_tB,491,contraction,sharkmi300x-4,gfx942,4096,4096,8192,64,16,32,8,8,0,0,0,"[0, 1]",LLVMGPUVectorDistribute,"PipelineOptionsSearchSpace(prefetch_shared_memory=[True], no_reduce_shared_memory_bank_conflicts=[None], use_igemm_convolution=[None])",[2],,#iree_gpu.mma_layout<MFMA_F32_16x16x32_F8E4M3FNUZ>,512,512,64,256,1,1,1,4,"['--iree-hal-target-device=hip', '--iree-hip-target=gfx942', '--compile-from=executable-sources']",491,True,"['--input=1', '--benchmark_repetitions=3']",True,hip://6,True,357.33,18400.0,269.67,51.49254,907,940,33,204,302.06,,tuning_2025_09_29_16_28/candidates/specs/491_spec.mlir
compute_gemm_4096_4096_8192_f8E4M3FNUZ_f32_tB,492,contraction,sharkmi300x-4,gfx942,4096,4096,8192,64,16,32,8,8,0,0,0,"[0, 1]",LLVMGPUVectorDistribute,"PipelineOptionsSearchSpace(prefetch_shared_memory=[True], no_reduce_shared_memory_bank_conflicts=[None], use_igemm_convolution=[None])",[2],,#iree_gpu.mma_layout<MFMA_F32_16x16x32_F8E4M3FNUZ>,512,16,32,64,4,1,4,1,"['--iree-hal-target-device=hip', '--iree-hip-target=gfx942', '--compile-from=executable-sources']",492,True,"['--input=1', '--benchmark_repetitions=3']",True,hip://2,True,357.5,1730.0,269.67,4.83916,439,736,297,204,302.06,,tuning_2025_09_29_16_28/candidates/specs/492_spec.mlir
compute_gemm_4096_4096_8192_f8E4M3FNUZ_f32_tB,493,contraction,sharkmi300x-4,gfx942,4096,4096,8192,64,32,16,8,8,0,0,0,"[0, 1]",LLVMGPUVectorDistribute,"PipelineOptionsSearchSpace(prefetch_shared_memory=[True], no_reduce_shared_memory_bank_conflicts=[None], use_igemm_convolution=[None])",[2],,#iree_gpu.mma_layout<MFMA_F32_32x32x16_F8E4M3FNUZ>,128,32,128,64,2,1,2,1,"['--iree-hal-target-device=hip', '--iree-hip-target=gfx942', '--compile-from=executable-sources']",493,True,"['--input=1', '--benchmark_repetitions=3']",True,hip://6,True,357.33,459.33,269.67,1.28545,446,229,217,204,302.06,,tuning_2025_09_29_16_28/candidates/specs/493_spec.mlir
compute_gemm_4096_4096_8192_f8E4M3FNUZ_f32_tB,494,contraction,sharkmi300x-4,gfx942,4096,4096,8192,64,32,16,8,8,0,0,0,"[0, 1]",LLVMGPUVectorDistribute,"PipelineOptionsSearchSpace(prefetch_shared_memory=[True], no_reduce_shared_memory_bank_conflicts=[None], use_igemm_convolution=[None])",[2],,#iree_gpu.mma_layout<MFMA_F32_32x32x16_F8E4M3FNUZ>,64,32,256,64,1,1,1,1,"['--iree-hal-target-device=hip', '--iree-hip-target=gfx942', '--compile-from=executable-sources']",494,True,"['--input=1', '--benchmark_repetitions=3']",True,hip://2,True,357.5,652.0,269.67,1.82378,454,452,2,204,302.06,,tuning_2025_09_29_16_28/candidates/specs/494_spec.mlir
compute_gemm_4096_4096_8192_f8E4M3FNUZ_f32_tB,495,contraction,sharkmi300x-4,gfx942,4096,4096,8192,64,16,32,8,8,0,0,0,"[0, 1]",LLVMGPUVectorDistribute,"PipelineOptionsSearchSpace(prefetch_shared_memory=[True], no_reduce_shared_memory_bank_conflicts=[None], use_igemm_convolution=[None])",[2],,#iree_gpu.mma_layout<MFMA_F32_16x16x32_F8E4M3FNUZ>,128,256,32,64,8,1,8,1,"['--iree-hal-target-device=hip', '--iree-hip-target=gfx942', '--compile-from=executable-sources']",495,True,"['--input=1', '--benchmark_repetitions=3']",True,hip://7,True,352.5,399.67,269.67,1.13381,452,165,287,204,302.06,,tuning_2025_09_29_16_28/candidates/specs/495_spec.mlir
compute_gemm_4096_4096_8192_f8E4M3FNUZ_f32_tB,496,contraction,sharkmi300x-4,gfx942,4096,4096,8192,64,16,32,8,8,0,0,0,"[0, 1]",LLVMGPUVectorDistribute,"PipelineOptionsSearchSpace(prefetch_shared_memory=[True], no_reduce_shared_memory_bank_conflicts=[None], use_igemm_convolution=[None])",[2],,#iree_gpu.mma_layout<MFMA_F32_16x16x32_F8E4M3FNUZ>,32,64,64,64,1,1,1,1,"['--iree-hal-target-device=hip', '--iree-hip-target=gfx942', '--compile-from=executable-sources']",496,True,"['--input=1', '--benchmark_repetitions=3']",True,hip://7,True,352.5,668.33,269.67,1.89598,448,472,24,204,302.06,,tuning_2025_09_29_16_28/candidates/specs/496_spec.mlir
compute_gemm_4096_4096_8192_f8E4M3FNUZ_f32_tB,497,contraction,sharkmi300x-4,gfx942,4096,4096,8192,64,16,32,8,8,0,0,0,"[0, 1]",LLVMGPUVectorDistribute,"PipelineOptionsSearchSpace(prefetch_shared_memory=[True], no_reduce_shared_memory_bank_conflicts=[None], use_igemm_convolution=[None])",[2],,#iree_gpu.mma_layout<MFMA_F32_16x16x32_F8E4M3FNUZ>,64,128,128,128,4,1,4,2,"['--iree-hal-target-device=hip', '--iree-hip-target=gfx942', '--compile-from=executable-sources']",497,True,"['--input=1', '--benchmark_repetitions=3']",True,hip://2,True,357.5,317.33,269.67,0.88765,450,33,417,204,302.06,,tuning_2025_09_29_16_28/candidates/specs/497_spec.mlir
compute_gemm_4096_4096_8192_f8E4M3FNUZ_f32_tB,498,contraction,sharkmi300x-4,gfx942,4096,4096,8192,64,16,32,8,8,0,0,0,"[0, 1]",LLVMGPUVectorDistribute,"PipelineOptionsSearchSpace(prefetch_shared_memory=[True], no_reduce_shared_memory_bank_conflicts=[None], use_igemm_convolution=[None])",[2],,#iree_gpu.mma_layout<MFMA_F32_16x16x32_F8E4M3FNUZ>,512,64,64,128,2,1,2,2,"['--iree-hal-target-device=hip', '--iree-hip-target=gfx942', '--compile-from=executable-sources']",498,True,"['--input=1', '--benchmark_repetitions=3']",True,hip://7,True,352.5,566.67,269.67,1.60757,468,386,82,204,302.06,,tuning_2025_09_29_16_28/candidates/specs/498_spec.mlir
compute_gemm_4096_4096_8192_f8E4M3FNUZ_f32_tB,499,contraction,sharkmi300x-4,gfx942,4096,4096,8192,64,32,16,8,8,0,0,0,"[0, 1]",LLVMGPUVectorDistribute,"PipelineOptionsSearchSpace(prefetch_shared_memory=[True], no_reduce_shared_memory_bank_conflicts=[None], use_igemm_convolution=[None])",[2],,#iree_gpu.mma_layout<MFMA_F32_32x32x16_F8E4M3FNUZ>,64,128,256,128,1,1,1,2,"['--iree-hal-target-device=hip', '--iree-hip-target=gfx942', '--compile-from=executable-sources']",499,True,"['--input=1', '--benchmark_repetitions=3']",True,hip://6,True,357.33,493.0,269.67,1.37966,467,279,188,204,302.06,,tuning_2025_09_29_16_28/candidates/specs/499_spec.mlir
compute_gemm_4096_4096_8192_f8E4M3FNUZ_f32_tB,500,contraction,sharkmi300x-4,gfx942,4096,4096,8192,64,32,16,8,8,0,0,0,"[0, 1]",LLVMGPUVectorDistribute,"PipelineOptionsSearchSpace(prefetch_shared_memory=[True], no_reduce_shared_memory_bank_conflicts=[None], use_igemm_convolution=[None])",[2],,#iree_gpu.mma_layout<MFMA_F32_32x32x16_F8E4M3FNUZ>,64,512,64,64,2,1,2,1,"['--iree-hal-target-device=hip', '--iree-hip-target=gfx942', '--compile-from=executable-sources']",500,True,"['--input=1', '--benchmark_repetitions=3']",True,hip://7,True,352.5,655.33,269.67,1.8591,501,465,36,204,302.06,,tuning_2025_09_29_16_28/candidates/specs/500_spec.mlir
compute_gemm_4096_4096_8192_f8E4M3FNUZ_f32_tB,501,contraction,sharkmi300x-4,gfx942,4096,4096,8192,64,16,32,8,8,0,0,0,"[0, 1]",LLVMGPUVectorDistribute,"PipelineOptionsSearchSpace(prefetch_shared_memory=[True], no_reduce_shared_memory_bank_conflicts=[None], use_igemm_convolution=[None])",[2],,#iree_gpu.mma_layout<MFMA_F32_16x16x32_F8E4M3FNUZ>,256,256,64,64,8,1,8,1,"['--iree-hal-target-device=hip', '--iree-hip-target=gfx942', '--compile-from=executable-sources']",501,True,"['--input=1', '--benchmark_repetitions=3']",True,hip://2,True,357.5,305.67,269.67,0.85501,470,19,451,204,302.06,,tuning_2025_09_29_16_28/candidates/specs/501_spec.mlir
compute_gemm_4096_4096_8192_f8E4M3FNUZ_f32_tB,502,contraction,sharkmi300x-4,gfx942,4096,4096,8192,64,32,16,8,8,0,0,0,"[0, 1]",LLVMGPUVectorDistribute,"PipelineOptionsSearchSpace(prefetch_shared_memory=[True], no_reduce_shared_memory_bank_conflicts=[None], use_igemm_convolution=[None])",[2],,#iree_gpu.mma_layout<MFMA_F32_32x32x16_F8E4M3FNUZ>,128,256,128,128,2,1,2,2,"['--iree-hal-target-device=hip', '--iree-hip-target=gfx942', '--compile-from=executable-sources']",502,True,"['--input=1', '--benchmark_repetitions=3']",True,hip://7,True,352.5,342.67,269.67,0.9721,475,83,392,204,302.06,,tuning_2025_09_29_16_28/candidates/specs/502_spec.mlir
compute_gemm_4096_4096_8192_f8E4M3FNUZ_f32_tB,503,contraction,sharkmi300x-4,gfx942,4096,4096,8192,64,32,16,8,8,0,0,0,"[0, 1]",LLVMGPUVectorDistribute,"PipelineOptionsSearchSpace(prefetch_shared_memory=[True], no_reduce_shared_memory_bank_conflicts=[None], use_igemm_convolution=[None])",[2],,#iree_gpu.mma_layout<MFMA_F32_32x32x16_F8E4M3FNUZ>,512,32,64,64,4,1,4,1,"['--iree-hal-target-device=hip', '--iree-hip-target=gfx942', '--compile-from=executable-sources']",503,True,"['--input=1', '--benchmark_repetitions=3']",True,hip://2,True,357.5,655.33,269.67,1.8331,466,458,8,204,302.06,,tuning_2025_09_29_16_28/candidates/specs/503_spec.mlir
compute_gemm_4096_4096_8192_f8E4M3FNUZ_f32_tB,504,contraction,sharkmi300x-4,gfx942,4096,4096,8192,64,16,32,8,8,0,0,0,"[0, 1]",LLVMGPUVectorDistribute,"PipelineOptionsSearchSpace(prefetch_shared_memory=[True], no_reduce_shared_memory_bank_conflicts=[None], use_igemm_convolution=[None])",[2],,#iree_gpu.mma_layout<MFMA_F32_16x16x32_F8E4M3FNUZ>,64,128,32,128,4,1,4,2,"['--iree-hal-target-device=hip', '--iree-hip-target=gfx942', '--compile-from=executable-sources']",504,True,"['--input=1', '--benchmark_repetitions=3']",True,hip://5,True,360.33,603.33,269.67,1.67438,457,403,54,204,302.06,,tuning_2025_09_29_16_28/candidates/specs/504_spec.mlir
compute_gemm_4096_4096_8192_f8E4M3FNUZ_f32_tB,505,contraction,sharkmi300x-4,gfx942,4096,4096,8192,64,32,16,8,8,0,0,0,"[0, 1]",LLVMGPUVectorDistribute,"PipelineOptionsSearchSpace(prefetch_shared_memory=[True], no_reduce_shared_memory_bank_conflicts=[None], use_igemm_convolution=[None])",[2],,#iree_gpu.mma_layout<MFMA_F32_32x32x16_F8E4M3FNUZ>,512,256,32,256,2,1,2,4,"['--iree-hal-target-device=hip', '--iree-hip-target=gfx942', '--compile-from=executable-sources']",505,True,"['--input=1', '--benchmark_repetitions=3']",True,hip://5,True,360.33,2473.33,269.67,6.86401,492,786,294,204,302.06,,tuning_2025_09_29_16_28/candidates/specs/505_spec.mlir
compute_gemm_4096_4096_8192_f8E4M3FNUZ_f32_tB,506,contraction,sharkmi300x-4,gfx942,4096,4096,8192,64,32,16,8,8,0,0,0,"[0, 1]",LLVMGPUVectorDistribute,"PipelineOptionsSearchSpace(prefetch_shared_memory=[True], no_reduce_shared_memory_bank_conflicts=[None], use_igemm_convolution=[None])",[2],,#iree_gpu.mma_layout<MFMA_F32_32x32x16_F8E4M3FNUZ>,512,512,64,256,1,1,1,4,"['--iree-hal-target-device=hip', '--iree-hip-target=gfx942', '--compile-from=executable-sources']",506,True,"['--input=1', '--benchmark_repetitions=3']",True,hip://6,True,357.33,26333.33,269.67,73.69403,735,945,210,204,302.06,,tuning_2025_09_29_16_28/candidates/specs/506_spec.mlir
compute_gemm_4096_4096_8192_f8E4M3FNUZ_f32_tB,507,contraction,sharkmi300x-4,gfx942,4096,4096,8192,64,32,16,8,8,0,0,0,"[0, 1]",LLVMGPUVectorDistribute,"PipelineOptionsSearchSpace(prefetch_shared_memory=[True], no_reduce_shared_memory_bank_conflicts=[None], use_igemm_convolution=[None])",[2],,#iree_gpu.mma_layout<MFMA_F32_32x32x16_F8E4M3FNUZ>,32,128,128,64,1,1,1,1,"['--iree-hal-target-device=hip', '--iree-hip-target=gfx942', '--compile-from=executable-sources']",507,True,"['--input=1', '--benchmark_repetitions=3']",True,hip://6,True,357.33,533.33,269.67,1.49254,473,341,132,204,302.06,,tuning_2025_09_29_16_28/candidates/specs/507_spec.mlir
compute_gemm_4096_4096_8192_f8E4M3FNUZ_f32_tB,508,contraction,sharkmi300x-4,gfx942,4096,4096,8192,64,16,32,8,8,0,0,0,"[0, 1]",LLVMGPUVectorDistribute,"PipelineOptionsSearchSpace(prefetch_shared_memory=[True], no_reduce_shared_memory_bank_conflicts=[None], use_igemm_convolution=[None])",[2],,#iree_gpu.mma_layout<MFMA_F32_16x16x32_F8E4M3FNUZ>,64,32,64,64,2,1,2,1,"['--iree-hal-target-device=hip', '--iree-hip-target=gfx942', '--compile-from=executable-sources']",508,True,"['--input=1', '--benchmark_repetitions=3']",True,hip://5,True,360.33,687.33,269.67,1.90749,461,476,15,204,302.06,,tuning_2025_09_29_16_28/candidates/specs/508_spec.mlir
compute_gemm_4096_4096_8192_f8E4M3FNUZ_f32_tB,509,contraction,sharkmi300x-4,gfx942,4096,4096,8192,64,32,16,8,8,0,0,0,"[0, 1]",LLVMGPUVectorDistribute,"PipelineOptionsSearchSpace(prefetch_shared_memory=[True], no_reduce_shared_memory_bank_conflicts=[None], use_igemm_convolution=[None])",[2],,#iree_gpu.mma_layout<MFMA_F32_32x32x16_F8E4M3FNUZ>,128,256,64,64,4,1,4,1,"['--iree-hal-target-device=hip', '--iree-hip-target=gfx942', '--compile-from=executable-sources']",509,True,"['--input=1', '--benchmark_repetitions=3']",True,hip://6,True,357.33,291.33,269.67,0.8153,476,9,467,204,302.06,411.7,tuning_2025_09_29_16_28/candidates/specs/509_spec.mlir
compute_gemm_4096_4096_8192_f8E4M3FNUZ_f32_tB,510,contraction,sharkmi300x-4,gfx942,4096,4096,8192,64,32,16,8,8,0,0,0,"[0, 1]",LLVMGPUVectorDistribute,"PipelineOptionsSearchSpace(prefetch_shared_memory=[True], no_reduce_shared_memory_bank_conflicts=[None], use_igemm_convolution=[None])",[2],,#iree_gpu.mma_layout<MFMA_F32_32x32x16_F8E4M3FNUZ>,128,512,32,128,2,1,2,2,"['--iree-hal-target-device=hip', '--iree-hip-target=gfx942', '--compile-from=executable-sources']",510,True,"['--input=1', '--benchmark_repetitions=3']",True,hip://6,True,357.33,1826.67,269.67,5.11194,491,746,255,204,302.06,,tuning_2025_09_29_16_28/candidates/specs/510_spec.mlir
compute_gemm_4096_4096_8192_f8E4M3FNUZ_f32_tB,511,contraction,sharkmi300x-4,gfx942,4096,4096,8192,64,32,16,8,8,0,0,0,"[0, 1]",LLVMGPUVectorDistribute,"PipelineOptionsSearchSpace(prefetch_shared_memory=[True], no_reduce_shared_memory_bank_conflicts=[None], use_igemm_convolution=[None])",[2],,#iree_gpu.mma_layout<MFMA_F32_32x32x16_F8E4M3FNUZ>,512,256,64,128,1,1,1,2,"['--iree-hal-target-device=hip', '--iree-hip-target=gfx942', '--compile-from=executable-sources']",511,True,"['--input=1', '--benchmark_repetitions=3']",True,hip://2,True,357.5,17500.0,269.67,48.95105,736,934,198,204,302.06,,tuning_2025_09_29_16_28/candidates/specs/511_spec.mlir
compute_gemm_4096_4096_8192_f8E4M3FNUZ_f32_tB,512,contraction,sharkmi300x-4,gfx942,4096,4096,8192,64,16,32,8,8,0,0,0,"[0, 1]",LLVMGPUVectorDistribute,"PipelineOptionsSearchSpace(prefetch_shared_memory=[True], no_reduce_shared_memory_bank_conflicts=[None], use_igemm_convolution=[None])",[2],,#iree_gpu.mma_layout<MFMA_F32_16x16x32_F8E4M3FNUZ>,64,32,256,64,4,1,4,1,"['--iree-hal-target-device=hip', '--iree-hip-target=gfx942', '--compile-from=executable-sources']",512,True,"['--input=1', '--benchmark_repetitions=3']",True,hip://7,True,352.5,482.67,269.67,1.36927,463,273,190,204,302.06,,tuning_2025_09_29_16_28/candidates/specs/512_spec.mlir
compute_gemm_4096_4096_8192_f8E4M3FNUZ_f32_tB,513,contraction,sharkmi300x-4,gfx942,4096,4096,8192,64,16,32,8,8,0,0,0,"[0, 1]",LLVMGPUVectorDistribute,"PipelineOptionsSearchSpace(prefetch_shared_memory=[True], no_reduce_shared_memory_bank_conflicts=[None], use_igemm_convolution=[None])",[2],,#iree_gpu.mma_layout<MFMA_F32_16x16x32_F8E4M3FNUZ>,128,32,32,128,1,1,1,2,"['--iree-hal-target-device=hip', '--iree-hip-target=gfx942', '--compile-from=executable-sources']",513,True,"['--input=1', '--benchmark_repetitions=3']",True,hip://6,True,357.33,1126.67,269.67,3.15299,464,667,203,204,302.06,,tuning_2025_09_29_16_28/candidates/specs/513_spec.mlir
compute_gemm_4096_4096_8192_f8E4M3FNUZ_f32_tB,514,contraction,sharkmi300x-4,gfx942,4096,4096,8192,64,16,32,8,8,0,0,0,"[0, 1]",LLVMGPUVectorDistribute,"PipelineOptionsSearchSpace(prefetch_shared_memory=[True], no_reduce_shared_memory_bank_conflicts=[None], use_igemm_convolution=[None])",[2],,#iree_gpu.mma_layout<MFMA_F32_16x16x32_F8E4M3FNUZ>,128,64,64,128,4,1,4,2,"['--iree-hal-target-device=hip', '--iree-hip-target=gfx942', '--compile-from=executable-sources']",514,True,"['--input=1', '--benchmark_repetitions=3']",True,hip://5,True,360.33,414.0,269.67,1.14894,465,176,289,204,302.06,,tuning_2025_09_29_16_28/candidates/specs/514_spec.mlir
compute_gemm_4096_4096_8192_f8E4M3FNUZ_f32_tB,515,contraction,sharkmi300x-4,gfx942,4096,4096,8192,64,32,16,8,8,0,0,0,"[0, 1]",LLVMGPUVectorDistribute,"PipelineOptionsSearchSpace(prefetch_shared_memory=[True], no_reduce_shared_memory_bank_conflicts=[None], use_igemm_convolution=[None])",[2],,#iree_gpu.mma_layout<MFMA_F32_32x32x16_F8E4M3FNUZ>,32,512,32,256,1,1,1,4,"['--iree-hal-target-device=hip', '--iree-hip-target=gfx942', '--compile-from=executable-sources']",515,True,"['--input=1', '--benchmark_repetitions=3']",True,hip://5,True,360.33,821.33,269.67,2.27937,469,540,71,204,302.06,,tuning_2025_09_29_16_28/candidates/specs/515_spec.mlir
compute_gemm_4096_4096_8192_f8E4M3FNUZ_f32_tB,516,contraction,sharkmi300x-4,gfx942,4096,4096,8192,64,16,32,8,8,0,0,0,"[0, 1]",LLVMGPUVectorDistribute,"PipelineOptionsSearchSpace(prefetch_shared_memory=[True], no_reduce_shared_memory_bank_conflicts=[None], use_igemm_convolution=[None])",[2],,#iree_gpu.mma_layout<MFMA_F32_16x16x32_F8E4M3FNUZ>,32,256,64,128,1,1,1,2,"['--iree-hal-target-device=hip', '--iree-hip-target=gfx942', '--compile-from=executable-sources']",516,True,"['--input=1', '--benchmark_repetitions=3']",True,hip://2,True,357.5,504.33,269.67,1.41072,474,296,178,204,302.06,,tuning_2025_09_29_16_28/candidates/specs/516_spec.mlir
compute_gemm_4096_4096_8192_f8E4M3FNUZ_f32_tB,517,contraction,sharkmi300x-4,gfx942,4096,4096,8192,64,16,32,8,8,0,0,0,"[0, 1]",LLVMGPUVectorDistribute,"PipelineOptionsSearchSpace(prefetch_shared_memory=[True], no_reduce_shared_memory_bank_conflicts=[None], use_igemm_convolution=[None])",[2],,#iree_gpu.mma_layout<MFMA_F32_16x16x32_F8E4M3FNUZ>,64,128,128,64,4,1,4,1,"['--iree-hal-target-device=hip', '--iree-hip-target=gfx942', '--compile-from=executable-sources']",517,True,"['--input=1', '--benchmark_repetitions=3']",True,hip://5,True,360.33,328.0,269.67,0.91027,472,51,421,204,302.06,,tuning_2025_09_29_16_28/candidates/specs/517_spec.mlir
compute_gemm_4096_4096_8192_f8E4M3FNUZ_f32_tB,518,contraction,sharkmi300x-4,gfx942,4096,4096,8192,64,32,16,8,8,0,0,0,"[0, 1]",LLVMGPUVectorDistribute,"PipelineOptionsSearchSpace(prefetch_shared_memory=[True], no_reduce_shared_memory_bank_conflicts=[None], use_igemm_convolution=[None])",[2],,#iree_gpu.mma_layout<MFMA_F32_32x32x16_F8E4M3FNUZ>,512,256,32,64,4,1,4,1,"['--iree-hal-target-device=hip', '--iree-hip-target=gfx942', '--compile-from=executable-sources']",518,True,"['--input=1', '--benchmark_repetitions=3']",True,hip://5,True,360.33,7636.67,269.67,21.19334,544,851,307,204,302.06,,tuning_2025_09_29_16_28/candidates/specs/518_spec.mlir
compute_gemm_4096_4096_8192_f8E4M3FNUZ_f32_tB,519,contraction,sharkmi300x-4,gfx942,4096,4096,8192,64,32,16,8,8,0,0,0,"[0, 1]",LLVMGPUVectorDistribute,"PipelineOptionsSearchSpace(prefetch_shared_memory=[True], no_reduce_shared_memory_bank_conflicts=[None], use_igemm_convolution=[None])",[2],,#iree_gpu.mma_layout<MFMA_F32_32x32x16_F8E4M3FNUZ>,256,64,32,128,1,1,1,2,"['--iree-hal-target-device=hip', '--iree-hip-target=gfx942', '--compile-from=executable-sources']",519,True,"['--input=1', '--benchmark_repetitions=3']",True,hip://6,True,357.33,727.0,269.67,2.03451,483,505,22,204,302.06,,tuning_2025_09_29_16_28/candidates/specs/519_spec.mlir
compute_gemm_4096_4096_8192_f8E4M3FNUZ_f32_tB,520,contraction,sharkmi300x-4,gfx942,4096,4096,8192,64,32,16,8,8,0,0,0,"[0, 1]",LLVMGPUVectorDistribute,"PipelineOptionsSearchSpace(prefetch_shared_memory=[True], no_reduce_shared_memory_bank_conflicts=[None], use_igemm_convolution=[None])",[2],,#iree_gpu.mma_layout<MFMA_F32_32x32x16_F8E4M3FNUZ>,256,128,64,64,4,1,4,1,"['--iree-hal-target-device=hip', '--iree-hip-target=gfx942', '--compile-from=executable-sources']",520,True,"['--input=1', '--benchmark_repetitions=3']",True,hip://7,True,352.5,325.33,269.67,0.92293,484,57,427,204,302.06,,tuning_2025_09_29_16_28/candidates/specs/520_spec.mlir
compute_gemm_4096_4096_8192_f8E4M3FNUZ_f32_tB,521,contraction,sharkmi300x-4,gfx942,4096,4096,8192,64,16,32,8,8,0,0,0,"[0, 1]",LLVMGPUVectorDistribute,"PipelineOptionsSearchSpace(prefetch_shared_memory=[True], no_reduce_shared_memory_bank_conflicts=[None], use_igemm_convolution=[None])",[2],,#iree_gpu.mma_layout<MFMA_F32_16x16x32_F8E4M3FNUZ>,32,256,128,64,1,1,1,1,"['--iree-hal-target-device=hip', '--iree-hip-target=gfx942', '--compile-from=executable-sources']",521,True,"['--input=1', '--benchmark_repetitions=3']",True,hip://6,True,357.33,1120.0,269.67,3.13433,503,665,162,204,302.06,,tuning_2025_09_29_16_28/candidates/specs/521_spec.mlir
compute_gemm_4096_4096_8192_f8E4M3FNUZ_f32_tB,522,contraction,sharkmi300x-4,gfx942,4096,4096,8192,64,32,16,8,8,0,0,0,"[0, 1]",LLVMGPUVectorDistribute,"PipelineOptionsSearchSpace(prefetch_shared_memory=[True], no_reduce_shared_memory_bank_conflicts=[None], use_igemm_convolution=[None])",[2],,#iree_gpu.mma_layout<MFMA_F32_32x32x16_F8E4M3FNUZ>,256,64,64,128,2,1,2,2,"['--iree-hal-target-device=hip', '--iree-hip-target=gfx942', '--compile-from=executable-sources']",522,True,"['--input=1', '--benchmark_repetitions=3']",True,hip://2,True,357.5,382.0,269.67,1.06853,478,131,347,204,302.06,,tuning_2025_09_29_16_28/candidates/specs/522_spec.mlir
compute_gemm_4096_4096_8192_f8E4M3FNUZ_f32_tB,523,contraction,sharkmi300x-4,gfx942,4096,4096,8192,64,16,32,8,8,0,0,0,"[0, 1]",LLVMGPUVectorDistribute,"PipelineOptionsSearchSpace(prefetch_shared_memory=[True], no_reduce_shared_memory_bank_conflicts=[None], use_igemm_convolution=[None])",[2],,#iree_gpu.mma_layout<MFMA_F32_16x16x32_F8E4M3FNUZ>,64,512,64,64,4,1,4,1,"['--iree-hal-target-device=hip', '--iree-hip-target=gfx942', '--compile-from=executable-sources']",523,True,"['--input=1', '--benchmark_repetitions=3']",True,hip://6,True,357.33,586.33,269.67,1.64086,495,396,99,204,302.06,,tuning_2025_09_29_16_28/candidates/specs/523_spec.mlir
compute_gemm_4096_4096_8192_f8E4M3FNUZ_f32_tB,524,contraction,sharkmi300x-4,gfx942,4096,4096,8192,64,32,16,8,8,0,0,0,"[0, 1]",LLVMGPUVectorDistribute,"PipelineOptionsSearchSpace(prefetch_shared_memory=[True], no_reduce_shared_memory_bank_conflicts=[None], use_igemm_convolution=[None])",[2],,#iree_gpu.mma_layout<MFMA_F32_32x32x16_F8E4M3FNUZ>,512,128,64,128,4,1,4,2,"['--iree-hal-target-device=hip', '--iree-hip-target=gfx942', '--compile-from=executable-sources']",524,True,"['--input=1', '--benchmark_repetitions=3']",True,hip://7,True,352.5,334.33,269.67,0.94846,488,73,415,204,302.06,,tuning_2025_09_29_16_28/candidates/specs/524_spec.mlir
compute_gemm_4096_4096_8192_f8E4M3FNUZ_f32_tB,525,contraction,sharkmi300x-4,gfx942,4096,4096,8192,64,32,16,8,8,0,0,0,"[0, 1]",LLVMGPUVectorDistribute,"PipelineOptionsSearchSpace(prefetch_shared_memory=[True], no_reduce_shared_memory_bank_conflicts=[None], use_igemm_convolution=[None])",[2],,#iree_gpu.mma_layout<MFMA_F32_32x32x16_F8E4M3FNUZ>,512,256,64,128,2,1,2,2,"['--iree-hal-target-device=hip', '--iree-hip-target=gfx942', '--compile-from=executable-sources']",525,True,"['--input=1', '--benchmark_repetitions=3']",True,hip://5,True,360.33,9523.33,269.67,26.42923,570,880,310,204,302.06,,tuning_2025_09_29_16_28/candidates/specs/525_spec.mlir
compute_gemm_4096_4096_8192_f8E4M3FNUZ_f32_tB,526,contraction,sharkmi300x-4,gfx942,4096,4096,8192,64,32,16,8,8,0,0,0,"[0, 1]",LLVMGPUVectorDistribute,"PipelineOptionsSearchSpace(prefetch_shared_memory=[True], no_reduce_shared_memory_bank_conflicts=[None], use_igemm_convolution=[None])",[2],,#iree_gpu.mma_layout<MFMA_F32_32x32x16_F8E4M3FNUZ>,32,128,32,128,1,1,1,2,"['--iree-hal-target-device=hip', '--iree-hip-target=gfx942', '--compile-from=executable-sources']",526,True,"['--input=1', '--benchmark_repetitions=3']",True,hip://5,True,360.33,983.33,269.67,2.72895,477,612,135,204,302.06,,tuning_2025_09_29_16_28/candidates/specs/526_spec.mlir
compute_gemm_4096_4096_8192_f8E4M3FNUZ_f32_tB,527,contraction,sharkmi300x-4,gfx942,4096,4096,8192,64,16,32,8,8,0,0,0,"[0, 1]",LLVMGPUVectorDistribute,"PipelineOptionsSearchSpace(prefetch_shared_memory=[True], no_reduce_shared_memory_bank_conflicts=[None], use_igemm_convolution=[None])",[2],,#iree_gpu.mma_layout<MFMA_F32_16x16x32_F8E4M3FNUZ>,64,512,64,128,2,1,2,2,"['--iree-hal-target-device=hip', '--iree-hip-target=gfx942', '--compile-from=executable-sources']",527,True,"['--input=1', '--benchmark_repetitions=3']",True,hip://2,True,357.5,569.0,269.67,1.59161,494,382,112,204,302.06,,tuning_2025_09_29_16_28/candidates/specs/527_spec.mlir
compute_gemm_4096_4096_8192_f8E4M3FNUZ_f32_tB,528,contraction,sharkmi300x-4,gfx942,4096,4096,8192,64,16,32,8,8,0,0,0,"[0, 1]",LLVMGPUVectorDistribute,"PipelineOptionsSearchSpace(prefetch_shared_memory=[True], no_reduce_shared_memory_bank_conflicts=[None], use_igemm_convolution=[None])",[2],,#iree_gpu.mma_layout<MFMA_F32_16x16x32_F8E4M3FNUZ>,256,128,32,128,1,1,1,2,"['--iree-hal-target-device=hip', '--iree-hip-target=gfx942', '--compile-from=executable-sources']",528,True,"['--input=1', '--benchmark_repetitions=3']",True,hip://7,True,352.5,1810.0,269.67,5.13475,509,748,239,204,302.06,,tuning_2025_09_29_16_28/candidates/specs/528_spec.mlir
compute_gemm_4096_4096_8192_f8E4M3FNUZ_f32_tB,529,contraction,sharkmi300x-4,gfx942,4096,4096,8192,64,16,32,8,8,0,0,0,"[0, 1]",LLVMGPUVectorDistribute,"PipelineOptionsSearchSpace(prefetch_shared_memory=[True], no_reduce_shared_memory_bank_conflicts=[None], use_igemm_convolution=[None])",[2],,#iree_gpu.mma_layout<MFMA_F32_16x16x32_F8E4M3FNUZ>,512,16,32,64,2,1,2,1,"['--iree-hal-target-device=hip', '--iree-hip-target=gfx942', '--compile-from=executable-sources']",529,True,"['--input=1', '--benchmark_repetitions=3']",True,hip://2,True,357.5,1886.67,269.67,5.27739,486,757,271,204,302.06,,tuning_2025_09_29_16_28/candidates/specs/529_spec.mlir
compute_gemm_4096_4096_8192_f8E4M3FNUZ_f32_tB,530,contraction,sharkmi300x-4,gfx942,4096,4096,8192,64,16,32,8,8,0,0,0,"[0, 1]",LLVMGPUVectorDistribute,"PipelineOptionsSearchSpace(prefetch_shared_memory=[True], no_reduce_shared_memory_bank_conflicts=[None], use_igemm_convolution=[None])",[2],,#iree_gpu.mma_layout<MFMA_F32_16x16x32_F8E4M3FNUZ>,256,32,32,64,8,1,8,1,"['--iree-hal-target-device=hip', '--iree-hip-target=gfx942', '--compile-from=executable-sources']",530,True,"['--input=1', '--benchmark_repetitions=3']",True,hip://7,True,352.5,931.33,269.67,2.64208,479,597,118,204,302.06,,tuning_2025_09_29_16_28/candidates/specs/530_spec.mlir
compute_gemm_4096_4096_8192_f8E4M3FNUZ_f32_tB,531,contraction,sharkmi300x-4,gfx942,4096,4096,8192,64,32,16,8,8,0,0,0,"[0, 1]",LLVMGPUVectorDistribute,"PipelineOptionsSearchSpace(prefetch_shared_memory=[True], no_reduce_shared_memory_bank_conflicts=[None], use_igemm_convolution=[None])",[2],,#iree_gpu.mma_layout<MFMA_F32_32x32x16_F8E4M3FNUZ>,64,128,64,128,1,1,1,2,"['--iree-hal-target-device=hip', '--iree-hip-target=gfx942', '--compile-from=executable-sources']",531,True,"['--input=1', '--benchmark_repetitions=3']",True,hip://5,True,360.33,384.33,269.67,1.0666,485,129,356,204,302.06,,tuning_2025_09_29_16_28/candidates/specs/531_spec.mlir
compute_gemm_4096_4096_8192_f8E4M3FNUZ_f32_tB,532,contraction,sharkmi300x-4,gfx942,4096,4096,8192,64,16,32,8,8,0,0,0,"[0, 1]",LLVMGPUVectorDistribute,"PipelineOptionsSearchSpace(prefetch_shared_memory=[True], no_reduce_shared_memory_bank_conflicts=[None], use_igemm_convolution=[None])",[2],,#iree_gpu.mma_layout<MFMA_F32_16x16x32_F8E4M3FNUZ>,512,128,32,64,4,1,4,1,"['--iree-hal-target-device=hip', '--iree-hip-target=gfx942', '--compile-from=executable-sources']",532,True,"['--input=1', '--benchmark_repetitions=3']",True,hip://5,True,360.33,1696.67,269.67,4.7086,512,729,217,204,302.06,,tuning_2025_09_29_16_28/candidates/specs/532_spec.mlir
compute_gemm_4096_4096_8192_f8E4M3FNUZ_f32_tB,533,contraction,sharkmi300x-4,gfx942,4096,4096,8192,64,16,32,8,8,0,0,0,"[0, 1]",LLVMGPUVectorDistribute,"PipelineOptionsSearchSpace(prefetch_shared_memory=[True], no_reduce_shared_memory_bank_conflicts=[None], use_igemm_convolution=[None])",[2],,#iree_gpu.mma_layout<MFMA_F32_16x16x32_F8E4M3FNUZ>,256,128,64,256,2,1,2,4,"['--iree-hal-target-device=hip', '--iree-hip-target=gfx942', '--compile-from=executable-sources']",533,True,"['--input=1', '--benchmark_repetitions=3']",True,hip://6,True,357.33,337.67,269.67,0.94496,487,69,418,204,302.06,,tuning_2025_09_29_16_28/candidates/specs/533_spec.mlir
compute_gemm_4096_4096_8192_f8E4M3FNUZ_f32_tB,534,contraction,sharkmi300x-4,gfx942,4096,4096,8192,64,32,16,8,8,0,0,0,"[0, 1]",LLVMGPUVectorDistribute,"PipelineOptionsSearchSpace(prefetch_shared_memory=[True], no_reduce_shared_memory_bank_conflicts=[None], use_igemm_convolution=[None])",[2],,#iree_gpu.mma_layout<MFMA_F32_32x32x16_F8E4M3FNUZ>,128,32,128,64,4,1,4,1,"['--iree-hal-target-device=hip', '--iree-hip-target=gfx942', '--compile-from=executable-sources']",534,True,"['--input=1', '--benchmark_repetitions=3']",True,hip://2,True,357.5,458.0,269.67,1.28112,482,226,256,204,302.06,,tuning_2025_09_29_16_28/candidates/specs/534_spec.mlir
compute_gemm_4096_4096_8192_f8E4M3FNUZ_f32_tB,535,contraction,sharkmi300x-4,gfx942,4096,4096,8192,64,32,16,8,8,0,0,0,"[0, 1]",LLVMGPUVectorDistribute,"PipelineOptionsSearchSpace(prefetch_shared_memory=[True], no_reduce_shared_memory_bank_conflicts=[None], use_igemm_convolution=[None])",[2],,#iree_gpu.mma_layout<MFMA_F32_32x32x16_F8E4M3FNUZ>,256,256,64,128,1,1,1,2,"['--iree-hal-target-device=hip', '--iree-hip-target=gfx942', '--compile-from=executable-sources']",535,True,"['--input=1', '--benchmark_repetitions=3']",True,hip://5,True,360.33,7730.0,269.67,21.45236,578,853,275,204,302.06,,tuning_2025_09_29_16_28/candidates/specs/535_spec.mlir
compute_gemm_4096_4096_8192_f8E4M3FNUZ_f32_tB,536,contraction,sharkmi300x-4,gfx942,4096,4096,8192,64,16,32,8,8,0,0,0,"[0, 1]",LLVMGPUVectorDistribute,"PipelineOptionsSearchSpace(prefetch_shared_memory=[True], no_reduce_shared_memory_bank_conflicts=[None], use_igemm_convolution=[None])",[2],,#iree_gpu.mma_layout<MFMA_F32_16x16x32_F8E4M3FNUZ>,256,256,32,128,1,1,1,2,"['--iree-hal-target-device=hip', '--iree-hip-target=gfx942', '--compile-from=executable-sources']",536,True,"['--input=1', '--benchmark_repetitions=3']",True,hip://6,True,357.33,7586.67,269.67,21.23134,560,852,292,204,302.06,,tuning_2025_09_29_16_28/candidates/specs/536_spec.mlir
compute_gemm_4096_4096_8192_f8E4M3FNUZ_f32_tB,537,contraction,sharkmi300x-4,gfx942,4096,4096,8192,64,16,32,8,8,0,0,0,"[0, 1]",LLVMGPUVectorDistribute,"PipelineOptionsSearchSpace(prefetch_shared_memory=[True], no_reduce_shared_memory_bank_conflicts=[None], use_igemm_convolution=[None])",[2],,#iree_gpu.mma_layout<MFMA_F32_16x16x32_F8E4M3FNUZ>,256,256,64,64,2,1,2,1,"['--iree-hal-target-device=hip', '--iree-hip-target=gfx942', '--compile-from=executable-sources']",537,True,"['--input=1', '--benchmark_repetitions=3']",True,hip://6,True,357.33,5743.33,269.67,16.07276,637,822,185,204,302.06,,tuning_2025_09_29_16_28/candidates/specs/537_spec.mlir
compute_gemm_4096_4096_8192_f8E4M3FNUZ_f32_tB,538,contraction,sharkmi300x-4,gfx942,4096,4096,8192,64,16,32,8,8,0,0,0,"[0, 1]",LLVMGPUVectorDistribute,"PipelineOptionsSearchSpace(prefetch_shared_memory=[True], no_reduce_shared_memory_bank_conflicts=[None], use_igemm_convolution=[None])",[2],,#iree_gpu.mma_layout<MFMA_F32_16x16x32_F8E4M3FNUZ>,64,256,32,64,2,1,2,1,"['--iree-hal-target-device=hip', '--iree-hip-target=gfx942', '--compile-from=executable-sources']",538,True,"['--input=1', '--benchmark_repetitions=3']",True,hip://2,True,357.5,529.0,269.67,1.47972,498,331,167,204,302.06,,tuning_2025_09_29_16_28/candidates/specs/538_spec.mlir
compute_gemm_4096_4096_8192_f8E4M3FNUZ_f32_tB,539,contraction,sharkmi300x-4,gfx942,4096,4096,8192,64,16,32,8,8,0,0,0,"[0, 1]",LLVMGPUVectorDistribute,"PipelineOptionsSearchSpace(prefetch_shared_memory=[True], no_reduce_shared_memory_bank_conflicts=[None], use_igemm_convolution=[None])",[2],,#iree_gpu.mma_layout<MFMA_F32_16x16x32_F8E4M3FNUZ>,512,128,32,64,8,1,8,1,"['--iree-hal-target-device=hip', '--iree-hip-target=gfx942', '--compile-from=executable-sources']",539,True,"['--input=1', '--benchmark_repetitions=3']",True,hip://5,True,360.33,518.33,269.67,1.43848,504,306,198,204,302.06,,tuning_2025_09_29_16_28/candidates/specs/539_spec.mlir
compute_gemm_4096_4096_8192_f8E4M3FNUZ_f32_tB,540,contraction,sharkmi300x-4,gfx942,4096,4096,8192,64,16,32,8,8,0,0,0,"[0, 1]",LLVMGPUVectorDistribute,"PipelineOptionsSearchSpace(prefetch_shared_memory=[True], no_reduce_shared_memory_bank_conflicts=[None], use_igemm_convolution=[None])",[2],,#iree_gpu.mma_layout<MFMA_F32_16x16x32_F8E4M3FNUZ>,128,64,128,64,8,1,8,1,"['--iree-hal-target-device=hip', '--iree-hip-target=gfx942', '--compile-from=executable-sources']",540,True,"['--input=1', '--benchmark_repetitions=3']",True,hip://7,True,352.5,325.33,269.67,0.92293,493,58,435,204,302.06,,tuning_2025_09_29_16_28/candidates/specs/540_spec.mlir
compute_gemm_4096_4096_8192_f8E4M3FNUZ_f32_tB,541,contraction,sharkmi300x-4,gfx942,4096,4096,8192,64,32,16,8,8,0,0,0,"[0, 1]",LLVMGPUVectorDistribute,"PipelineOptionsSearchSpace(prefetch_shared_memory=[True], no_reduce_shared_memory_bank_conflicts=[None], use_igemm_convolution=[None])",[2],,#iree_gpu.mma_layout<MFMA_F32_32x32x16_F8E4M3FNUZ>,32,256,128,256,1,1,1,4,"['--iree-hal-target-device=hip', '--iree-hip-target=gfx942', '--compile-from=executable-sources']",541,True,"['--input=1', '--benchmark_repetitions=3']",True,hip://5,True,360.33,544.0,269.67,1.50971,496,350,146,204,302.06,,tuning_2025_09_29_16_28/candidates/specs/541_spec.mlir
compute_gemm_4096_4096_8192_f8E4M3FNUZ_f32_tB,542,contraction,sharkmi300x-4,gfx942,4096,4096,8192,64,16,32,8,8,0,0,0,"[0, 1]",LLVMGPUVectorDistribute,"PipelineOptionsSearchSpace(prefetch_shared_memory=[True], no_reduce_shared_memory_bank_conflicts=[None], use_igemm_convolution=[None])",[2],,#iree_gpu.mma_layout<MFMA_F32_16x16x32_F8E4M3FNUZ>,512,128,32,256,2,1,2,4,"['--iree-hal-target-device=hip', '--iree-hip-target=gfx942', '--compile-from=executable-sources']",542,True,"['--input=1', '--benchmark_repetitions=3']",True,hip://2,True,357.5,532.33,269.67,1.48904,506,338,168,204,302.06,,tuning_2025_09_29_16_28/candidates/specs/542_spec.mlir
compute_gemm_4096_4096_8192_f8E4M3FNUZ_f32_tB,543,contraction,sharkmi300x-4,gfx942,4096,4096,8192,64,16,32,8,8,0,0,0,"[0, 1]",LLVMGPUVectorDistribute,"PipelineOptionsSearchSpace(prefetch_shared_memory=[True], no_reduce_shared_memory_bank_conflicts=[None], use_igemm_convolution=[None])",[2],,#iree_gpu.mma_layout<MFMA_F32_16x16x32_F8E4M3FNUZ>,32,256,128,256,1,1,1,4,"['--iree-hal-target-device=hip', '--iree-hip-target=gfx942', '--compile-from=executable-sources']",543,True,"['--input=1', '--benchmark_repetitions=3']",True,hip://7,True,352.5,567.0,269.67,1.60851,497,387,110,204,302.06,,tuning_2025_09_29_16_28/candidates/specs/543_spec.mlir
compute_gemm_4096_4096_8192_f8E4M3FNUZ_f32_tB,544,contraction,sharkmi300x-4,gfx942,4096,4096,8192,64,32,16,8,8,0,0,0,"[0, 1]",LLVMGPUVectorDistribute,"PipelineOptionsSearchSpace(prefetch_shared_memory=[True], no_reduce_shared_memory_bank_conflicts=[None], use_igemm_convolution=[None])",[2],,#iree_gpu.mma_layout<MFMA_F32_32x32x16_F8E4M3FNUZ>,512,512,32,128,4,1,4,2,"['--iree-hal-target-device=hip', '--iree-hip-target=gfx942', '--compile-from=executable-sources']",544,True,"['--input=1', '--benchmark_repetitions=3']",True,hip://7,True,352.5,12000.0,269.67,34.04255,561,905,344,204,302.06,,tuning_2025_09_29_16_28/candidates/specs/544_spec.mlir
compute_gemm_4096_4096_8192_f8E4M3FNUZ_f32_tB,545,contraction,sharkmi300x-4,gfx942,4096,4096,8192,64,32,16,8,8,0,0,0,"[0, 1]",LLVMGPUVectorDistribute,"PipelineOptionsSearchSpace(prefetch_shared_memory=[True], no_reduce_shared_memory_bank_conflicts=[None], use_igemm_convolution=[None])",[2],,#iree_gpu.mma_layout<MFMA_F32_32x32x16_F8E4M3FNUZ>,512,128,32,64,2,1,2,1,"['--iree-hal-target-device=hip', '--iree-hip-target=gfx942', '--compile-from=executable-sources']",545,True,"['--input=1', '--benchmark_repetitions=3']",True,hip://5,True,360.33,10300.0,269.67,28.58464,574,890,316,204,302.06,,tuning_2025_09_29_16_28/candidates/specs/545_spec.mlir
compute_gemm_4096_4096_8192_f8E4M3FNUZ_f32_tB,546,contraction,sharkmi300x-4,gfx942,4096,4096,8192,64,16,32,8,8,0,0,0,"[0, 1]",LLVMGPUVectorDistribute,"PipelineOptionsSearchSpace(prefetch_shared_memory=[True], no_reduce_shared_memory_bank_conflicts=[None], use_igemm_convolution=[None])",[2],,#iree_gpu.mma_layout<MFMA_F32_16x16x32_F8E4M3FNUZ>,32,512,64,64,2,1,2,1,"['--iree-hal-target-device=hip', '--iree-hip-target=gfx942', '--compile-from=executable-sources']",546,True,"['--input=1', '--benchmark_repetitions=3']",True,hip://2,True,357.5,985.67,269.67,2.75711,518,617,99,204,302.06,,tuning_2025_09_29_16_28/candidates/specs/546_spec.mlir
compute_gemm_4096_4096_8192_f8E4M3FNUZ_f32_tB,547,contraction,sharkmi300x-4,gfx942,4096,4096,8192,64,16,32,8,8,0,0,0,"[0, 1]",LLVMGPUVectorDistribute,"PipelineOptionsSearchSpace(prefetch_shared_memory=[True], no_reduce_shared_memory_bank_conflicts=[None], use_igemm_convolution=[None])",[2],,#iree_gpu.mma_layout<MFMA_F32_16x16x32_F8E4M3FNUZ>,128,16,64,64,1,1,1,1,"['--iree-hal-target-device=hip', '--iree-hip-target=gfx942', '--compile-from=executable-sources']",547,True,"['--input=1', '--benchmark_repetitions=3']",True,hip://5,True,360.33,886.67,269.67,2.46068,500,575,75,204,302.06,,tuning_2025_09_29_16_28/candidates/specs/547_spec.mlir
compute_gemm_4096_4096_8192_f8E4M3FNUZ_f32_tB,548,contraction,sharkmi300x-4,gfx942,4096,4096,8192,64,32,16,8,8,0,0,0,"[0, 1]",LLVMGPUVectorDistribute,"PipelineOptionsSearchSpace(prefetch_shared_memory=[True], no_reduce_shared_memory_bank_conflicts=[None], use_igemm_convolution=[None])",[2],,#iree_gpu.mma_layout<MFMA_F32_32x32x16_F8E4M3FNUZ>,64,128,32,128,1,1,1,2,"['--iree-hal-target-device=hip', '--iree-hip-target=gfx942', '--compile-from=executable-sources']",548,True,"['--input=1', '--benchmark_repetitions=3']",True,hip://2,True,357.5,638.67,269.67,1.78648,502,428,74,204,302.06,,tuning_2025_09_29_16_28/candidates/specs/548_spec.mlir
compute_gemm_4096_4096_8192_f8E4M3FNUZ_f32_tB,549,contraction,sharkmi300x-4,gfx942,4096,4096,8192,64,16,32,8,8,0,0,0,"[0, 1]",LLVMGPUVectorDistribute,"PipelineOptionsSearchSpace(prefetch_shared_memory=[True], no_reduce_shared_memory_bank_conflicts=[None], use_igemm_convolution=[None])",[2],,#iree_gpu.mma_layout<MFMA_F32_16x16x32_F8E4M3FNUZ>,128,512,32,64,2,1,2,1,"['--iree-hal-target-device=hip', '--iree-hip-target=gfx942', '--compile-from=executable-sources']",549,True,"['--input=1', '--benchmark_repetitions=3']",True,hip://2,True,357.5,6883.33,269.67,19.25408,584,839,255,204,302.06,,tuning_2025_09_29_16_28/candidates/specs/549_spec.mlir
compute_gemm_4096_4096_8192_f8E4M3FNUZ_f32_tB,550,contraction,sharkmi300x-4,gfx942,4096,4096,8192,64,32,16,8,8,0,0,0,"[0, 1]",LLVMGPUVectorDistribute,"PipelineOptionsSearchSpace(prefetch_shared_memory=[True], no_reduce_shared_memory_bank_conflicts=[None], use_igemm_convolution=[None])",[2],,#iree_gpu.mma_layout<MFMA_F32_32x32x16_F8E4M3FNUZ>,256,32,64,64,4,1,4,1,"['--iree-hal-target-device=hip', '--iree-hip-target=gfx942', '--compile-from=executable-sources']",550,True,"['--input=1', '--benchmark_repetitions=3']",True,hip://7,True,352.5,528.33,269.67,1.49882,505,343,162,204,302.06,,tuning_2025_09_29_16_28/candidates/specs/550_spec.mlir
compute_gemm_4096_4096_8192_f8E4M3FNUZ_f32_tB,551,contraction,sharkmi300x-4,gfx942,4096,4096,8192,64,32,16,8,8,0,0,0,"[0, 1]",LLVMGPUVectorDistribute,"PipelineOptionsSearchSpace(prefetch_shared_memory=[True], no_reduce_shared_memory_bank_conflicts=[None], use_igemm_convolution=[None])",[2],,#iree_gpu.mma_layout<MFMA_F32_32x32x16_F8E4M3FNUZ>,128,64,64,64,1,1,1,1,"['--iree-hal-target-device=hip', '--iree-hip-target=gfx942', '--compile-from=executable-sources']",551,True,"['--input=1', '--benchmark_repetitions=3']",True,hip://7,True,352.5,439.33,269.67,1.24634,517,215,302,204,302.06,,tuning_2025_09_29_16_28/candidates/specs/551_spec.mlir
compute_gemm_4096_4096_8192_f8E4M3FNUZ_f32_tB,552,contraction,sharkmi300x-4,gfx942,4096,4096,8192,64,16,32,8,8,0,0,0,"[0, 1]",LLVMGPUVectorDistribute,"PipelineOptionsSearchSpace(prefetch_shared_memory=[True], no_reduce_shared_memory_bank_conflicts=[None], use_igemm_convolution=[None])",[2],,#iree_gpu.mma_layout<MFMA_F32_16x16x32_F8E4M3FNUZ>,64,32,256,64,1,1,1,1,"['--iree-hal-target-device=hip', '--iree-hip-target=gfx942', '--compile-from=executable-sources']",552,True,"['--input=1', '--benchmark_repetitions=3']",True,hip://7,True,352.5,637.33,269.67,1.80804,513,443,70,204,302.06,,tuning_2025_09_29_16_28/candidates/specs/552_spec.mlir
compute_gemm_4096_4096_8192_f8E4M3FNUZ_f32_tB,553,contraction,sharkmi300x-4,gfx942,4096,4096,8192,64,32,16,8,8,0,0,0,"[0, 1]",LLVMGPUVectorDistribute,"PipelineOptionsSearchSpace(prefetch_shared_memory=[True], no_reduce_shared_memory_bank_conflicts=[None], use_igemm_convolution=[None])",[2],,#iree_gpu.mma_layout<MFMA_F32_32x32x16_F8E4M3FNUZ>,256,64,128,128,2,1,2,2,"['--iree-hal-target-device=hip', '--iree-hip-target=gfx942', '--compile-from=executable-sources']",553,True,"['--input=1', '--benchmark_repetitions=3']",True,hip://2,True,357.5,436.67,269.67,1.22145,514,208,306,204,302.06,,tuning_2025_09_29_16_28/candidates/specs/553_spec.mlir
compute_gemm_4096_4096_8192_f8E4M3FNUZ_f32_tB,554,contraction,sharkmi300x-4,gfx942,4096,4096,8192,64,32,16,8,8,0,0,0,"[0, 1]",LLVMGPUVectorDistribute,"PipelineOptionsSearchSpace(prefetch_shared_memory=[True], no_reduce_shared_memory_bank_conflicts=[None], use_igemm_convolution=[None])",[2],,#iree_gpu.mma_layout<MFMA_F32_32x32x16_F8E4M3FNUZ>,256,64,128,128,4,1,4,2,"['--iree-hal-target-device=hip', '--iree-hip-target=gfx942', '--compile-from=executable-sources']",554,True,"['--input=1', '--benchmark_repetitions=3']",True,hip://6,True,357.33,368.0,269.67,1.02985,511,110,401,204,302.06,,tuning_2025_09_29_16_28/candidates/specs/554_spec.mlir
compute_gemm_4096_4096_8192_f8E4M3FNUZ_f32_tB,555,contraction,sharkmi300x-4,gfx942,4096,4096,8192,64,16,32,8,8,0,0,0,"[0, 1]",LLVMGPUVectorDistribute,"PipelineOptionsSearchSpace(prefetch_shared_memory=[True], no_reduce_shared_memory_bank_conflicts=[None], use_igemm_convolution=[None])",[2],,#iree_gpu.mma_layout<MFMA_F32_16x16x32_F8E4M3FNUZ>,128,32,256,128,4,1,4,2,"['--iree-hal-target-device=hip', '--iree-hip-target=gfx942', '--compile-from=executable-sources']",555,True,"['--input=1', '--benchmark_repetitions=3']",True,hip://6,True,357.33,497.67,269.67,1.39272,507,287,220,204,302.06,,tuning_2025_09_29_16_28/candidates/specs/555_spec.mlir
compute_gemm_4096_4096_8192_f8E4M3FNUZ_f32_tB,556,contraction,sharkmi300x-4,gfx942,4096,4096,8192,64,16,32,8,8,0,0,0,"[0, 1]",LLVMGPUVectorDistribute,"PipelineOptionsSearchSpace(prefetch_shared_memory=[True], no_reduce_shared_memory_bank_conflicts=[None], use_igemm_convolution=[None])",[2],,#iree_gpu.mma_layout<MFMA_F32_16x16x32_F8E4M3FNUZ>,128,512,32,64,4,1,4,1,"['--iree-hal-target-device=hip', '--iree-hip-target=gfx942', '--compile-from=executable-sources']",556,True,"['--input=1', '--benchmark_repetitions=3']",True,hip://6,True,357.33,1780.0,269.67,4.98134,536,740,204,204,302.06,,tuning_2025_09_29_16_28/candidates/specs/556_spec.mlir
compute_gemm_4096_4096_8192_f8E4M3FNUZ_f32_tB,557,contraction,sharkmi300x-4,gfx942,4096,4096,8192,64,16,32,8,8,0,0,0,"[0, 1]",LLVMGPUVectorDistribute,"PipelineOptionsSearchSpace(prefetch_shared_memory=[True], no_reduce_shared_memory_bank_conflicts=[None], use_igemm_convolution=[None])",[2],,#iree_gpu.mma_layout<MFMA_F32_16x16x32_F8E4M3FNUZ>,512,32,64,128,2,1,2,2,"['--iree-hal-target-device=hip', '--iree-hip-target=gfx942', '--compile-from=executable-sources']",557,True,"['--input=1', '--benchmark_repetitions=3']",True,hip://6,True,357.33,774.33,269.67,2.16698,516,530,14,204,302.06,,tuning_2025_09_29_16_28/candidates/specs/557_spec.mlir
compute_gemm_4096_4096_8192_f8E4M3FNUZ_f32_tB,558,contraction,sharkmi300x-4,gfx942,4096,4096,8192,64,32,16,8,8,0,0,0,"[0, 1]",LLVMGPUVectorDistribute,"PipelineOptionsSearchSpace(prefetch_shared_memory=[True], no_reduce_shared_memory_bank_conflicts=[None], use_igemm_convolution=[None])",[2],,#iree_gpu.mma_layout<MFMA_F32_32x32x16_F8E4M3FNUZ>,256,32,32,64,4,1,4,1,"['--iree-hal-target-device=hip', '--iree-hip-target=gfx942', '--compile-from=executable-sources']",558,True,"['--input=1', '--benchmark_repetitions=3']",True,hip://2,True,357.5,1002.67,269.67,2.80466,510,623,113,204,302.06,,tuning_2025_09_29_16_28/candidates/specs/558_spec.mlir
compute_gemm_4096_4096_8192_f8E4M3FNUZ_f32_tB,559,contraction,sharkmi300x-4,gfx942,4096,4096,8192,64,16,32,8,8,0,0,0,"[0, 1]",LLVMGPUVectorDistribute,"PipelineOptionsSearchSpace(prefetch_shared_memory=[True], no_reduce_shared_memory_bank_conflicts=[None], use_igemm_convolution=[None])",[2],,#iree_gpu.mma_layout<MFMA_F32_16x16x32_F8E4M3FNUZ>,256,128,64,64,2,1,2,1,"['--iree-hal-target-device=hip', '--iree-hip-target=gfx942', '--compile-from=executable-sources']",559,True,"['--input=1', '--benchmark_repetitions=3']",True,hip://6,True,357.33,399.0,269.67,1.1166,548,159,389,204,302.06,,tuning_2025_09_29_16_28/candidates/specs/559_spec.mlir
compute_gemm_4096_4096_8192_f8E4M3FNUZ_f32_tB,560,contraction,sharkmi300x-4,gfx942,4096,4096,8192,64,16,32,8,8,0,0,0,"[0, 1]",LLVMGPUVectorDistribute,"PipelineOptionsSearchSpace(prefetch_shared_memory=[True], no_reduce_shared_memory_bank_conflicts=[None], use_igemm_convolution=[None])",[2],,#iree_gpu.mma_layout<MFMA_F32_16x16x32_F8E4M3FNUZ>,512,128,64,64,4,1,4,1,"['--iree-hal-target-device=hip', '--iree-hip-target=gfx942', '--compile-from=executable-sources']",560,True,"['--input=1', '--benchmark_repetitions=3']",True,hip://6,True,357.33,433.67,269.67,1.21362,543,205,338,204,302.06,,tuning_2025_09_29_16_28/candidates/specs/560_spec.mlir
compute_gemm_4096_4096_8192_f8E4M3FNUZ_f32_tB,561,contraction,sharkmi300x-4,gfx942,4096,4096,8192,64,32,16,8,8,0,0,0,"[0, 1]",LLVMGPUVectorDistribute,"PipelineOptionsSearchSpace(prefetch_shared_memory=[True], no_reduce_shared_memory_bank_conflicts=[None], use_igemm_convolution=[None])",[2],,#iree_gpu.mma_layout<MFMA_F32_32x32x16_F8E4M3FNUZ>,512,128,64,128,1,1,1,2,"['--iree-hal-target-device=hip', '--iree-hip-target=gfx942', '--compile-from=executable-sources']",561,True,"['--input=1', '--benchmark_repetitions=3']",True,hip://6,True,357.33,8453.33,269.67,23.65672,630,868,238,204,302.06,,tuning_2025_09_29_16_28/candidates/specs/561_spec.mlir
compute_gemm_4096_4096_8192_f8E4M3FNUZ_f32_tB,562,contraction,sharkmi300x-4,gfx942,4096,4096,8192,64,16,32,8,8,0,0,0,"[0, 1]",LLVMGPUVectorDistribute,"PipelineOptionsSearchSpace(prefetch_shared_memory=[True], no_reduce_shared_memory_bank_conflicts=[None], use_igemm_convolution=[None])",[2],,#iree_gpu.mma_layout<MFMA_F32_16x16x32_F8E4M3FNUZ>,256,16,64,64,2,1,2,1,"['--iree-hal-target-device=hip', '--iree-hip-target=gfx942', '--compile-from=executable-sources']",562,True,"['--input=1', '--benchmark_repetitions=3']",True,hip://5,True,360.33,859.67,269.67,2.38575,515,561,46,204,302.06,,tuning_2025_09_29_16_28/candidates/specs/562_spec.mlir
compute_gemm_4096_4096_8192_f8E4M3FNUZ_f32_tB,563,contraction,sharkmi300x-4,gfx942,4096,4096,8192,64,32,16,8,8,0,0,0,"[0, 1]",LLVMGPUVectorDistribute,"PipelineOptionsSearchSpace(prefetch_shared_memory=[True], no_reduce_shared_memory_bank_conflicts=[None], use_igemm_convolution=[None])",[2],,#iree_gpu.mma_layout<MFMA_F32_32x32x16_F8E4M3FNUZ>,512,128,64,64,1,1,1,1,"['--iree-hal-target-device=hip', '--iree-hip-target=gfx942', '--compile-from=executable-sources']",563,True,"['--input=1', '--benchmark_repetitions=3']",True,hip://7,True,352.5,15733.33,269.67,44.63357,794,927,133,204,302.06,,tuning_2025_09_29_16_28/candidates/specs/563_spec.mlir
compute_gemm_4096_4096_8192_f8E4M3FNUZ_f32_tB,564,contraction,sharkmi300x-4,gfx942,4096,4096,8192,64,32,16,8,8,0,0,0,"[0, 1]",LLVMGPUVectorDistribute,"PipelineOptionsSearchSpace(prefetch_shared_memory=[True], no_reduce_shared_memory_bank_conflicts=[None], use_igemm_convolution=[None])",[2],,#iree_gpu.mma_layout<MFMA_F32_32x32x16_F8E4M3FNUZ>,64,128,64,64,1,1,1,1,"['--iree-hal-target-device=hip', '--iree-hip-target=gfx942', '--compile-from=executable-sources']",564,True,"['--input=1', '--benchmark_repetitions=3']",True,hip://2,True,357.5,396.33,269.67,1.10862,522,157,365,204,302.06,,tuning_2025_09_29_16_28/candidates/specs/564_spec.mlir
compute_gemm_4096_4096_8192_f8E4M3FNUZ_f32_tB,565,contraction,sharkmi300x-4,gfx942,4096,4096,8192,64,16,32,8,8,0,0,0,"[0, 1]",LLVMGPUVectorDistribute,"PipelineOptionsSearchSpace(prefetch_shared_memory=[True], no_reduce_shared_memory_bank_conflicts=[None], use_igemm_convolution=[None])",[2],,#iree_gpu.mma_layout<MFMA_F32_16x16x32_F8E4M3FNUZ>,256,256,64,128,2,1,2,2,"['--iree-hal-target-device=hip', '--iree-hip-target=gfx942', '--compile-from=executable-sources']",565,True,"['--input=1', '--benchmark_repetitions=3']",True,hip://5,True,360.33,413.33,269.67,1.14709,550,174,376,204,302.06,,tuning_2025_09_29_16_28/candidates/specs/565_spec.mlir
compute_gemm_4096_4096_8192_f8E4M3FNUZ_f32_tB,566,contraction,sharkmi300x-4,gfx942,4096,4096,8192,64,32,16,8,8,0,0,0,"[0, 1]",LLVMGPUVectorDistribute,"PipelineOptionsSearchSpace(prefetch_shared_memory=[True], no_reduce_shared_memory_bank_conflicts=[None], use_igemm_convolution=[None])",[2],,#iree_gpu.mma_layout<MFMA_F32_32x32x16_F8E4M3FNUZ>,256,128,32,256,1,1,1,4,"['--iree-hal-target-device=hip', '--iree-hip-target=gfx942', '--compile-from=executable-sources']",566,True,"['--input=1', '--benchmark_repetitions=3']",True,hip://6,True,357.33,529.33,269.67,1.48134,524,333,191,204,302.06,,tuning_2025_09_29_16_28/candidates/specs/566_spec.mlir
compute_gemm_4096_4096_8192_f8E4M3FNUZ_f32_tB,567,contraction,sharkmi300x-4,gfx942,4096,4096,8192,64,16,32,8,8,0,0,0,"[0, 1]",LLVMGPUVectorDistribute,"PipelineOptionsSearchSpace(prefetch_shared_memory=[True], no_reduce_shared_memory_bank_conflicts=[None], use_igemm_convolution=[None])",[2],,#iree_gpu.mma_layout<MFMA_F32_16x16x32_F8E4M3FNUZ>,128,256,128,256,1,1,1,4,"['--iree-hal-target-device=hip', '--iree-hip-target=gfx942', '--compile-from=executable-sources']",567,True,"['--input=1', '--benchmark_repetitions=3']",True,hip://7,True,352.5,413.0,269.67,1.17163,529,192,337,204,302.06,,tuning_2025_09_29_16_28/candidates/specs/567_spec.mlir
compute_gemm_4096_4096_8192_f8E4M3FNUZ_f32_tB,568,contraction,sharkmi300x-4,gfx942,4096,4096,8192,64,32,16,8,8,0,0,0,"[0, 1]",LLVMGPUVectorDistribute,"PipelineOptionsSearchSpace(prefetch_shared_memory=[True], no_reduce_shared_memory_bank_conflicts=[None], use_igemm_convolution=[None])",[2],,#iree_gpu.mma_layout<MFMA_F32_32x32x16_F8E4M3FNUZ>,64,32,512,64,1,1,1,1,"['--iree-hal-target-device=hip', '--iree-hip-target=gfx942', '--compile-from=executable-sources']",568,True,"['--input=1', '--benchmark_repetitions=3']",True,hip://5,True,360.33,1113.33,269.67,3.08973,531,662,131,204,302.06,,tuning_2025_09_29_16_28/candidates/specs/568_spec.mlir
compute_gemm_4096_4096_8192_f8E4M3FNUZ_f32_tB,569,contraction,sharkmi300x-4,gfx942,4096,4096,8192,64,32,16,8,8,0,0,0,"[0, 1]",LLVMGPUVectorDistribute,"PipelineOptionsSearchSpace(prefetch_shared_memory=[True], no_reduce_shared_memory_bank_conflicts=[None], use_igemm_convolution=[None])",[2],,#iree_gpu.mma_layout<MFMA_F32_32x32x16_F8E4M3FNUZ>,256,512,32,256,2,1,2,4,"['--iree-hal-target-device=hip', '--iree-hip-target=gfx942', '--compile-from=executable-sources']",569,True,"['--input=1', '--benchmark_repetitions=3']",True,hip://5,True,360.33,2806.67,269.67,7.78908,539,795,256,204,302.06,,tuning_2025_09_29_16_28/candidates/specs/569_spec.mlir
compute_gemm_4096_4096_8192_f8E4M3FNUZ_f32_tB,570,contraction,sharkmi300x-4,gfx942,4096,4096,8192,64,16,32,8,8,0,0,0,"[0, 1]",LLVMGPUVectorDistribute,"PipelineOptionsSearchSpace(prefetch_shared_memory=[True], no_reduce_shared_memory_bank_conflicts=[None], use_igemm_convolution=[None])",[2],,#iree_gpu.mma_layout<MFMA_F32_16x16x32_F8E4M3FNUZ>,512,512,64,256,2,1,2,4,"['--iree-hal-target-device=hip', '--iree-hip-target=gfx942', '--compile-from=executable-sources']",570,True,"['--input=1', '--benchmark_repetitions=3']",True,hip://7,True,352.5,7090.0,269.67,20.11348,597,844,247,204,302.06,,tuning_2025_09_29_16_28/candidates/specs/570_spec.mlir
compute_gemm_4096_4096_8192_f8E4M3FNUZ_f32_tB,571,contraction,sharkmi300x-4,gfx942,4096,4096,8192,64,16,32,8,8,0,0,0,"[0, 1]",LLVMGPUVectorDistribute,"PipelineOptionsSearchSpace(prefetch_shared_memory=[True], no_reduce_shared_memory_bank_conflicts=[None], use_igemm_convolution=[None])",[2],,#iree_gpu.mma_layout<MFMA_F32_16x16x32_F8E4M3FNUZ>,512,256,32,512,1,1,1,8,"['--iree-hal-target-device=hip', '--iree-hip-target=gfx942', '--compile-from=executable-sources']",571,True,"['--input=1', '--benchmark_repetitions=3']",True,hip://2,True,357.5,1826.67,269.67,5.10956,547,745,198,204,302.06,,tuning_2025_09_29_16_28/candidates/specs/571_spec.mlir
compute_gemm_4096_4096_8192_f8E4M3FNUZ_f32_tB,572,contraction,sharkmi300x-4,gfx942,4096,4096,8192,64,32,16,8,8,0,0,0,"[0, 1]",LLVMGPUVectorDistribute,"PipelineOptionsSearchSpace(prefetch_shared_memory=[True], no_reduce_shared_memory_bank_conflicts=[None], use_igemm_convolution=[None])",[2],,#iree_gpu.mma_layout<MFMA_F32_32x32x16_F8E4M3FNUZ>,32,64,256,64,1,1,1,1,"['--iree-hal-target-device=hip', '--iree-hip-target=gfx942', '--compile-from=executable-sources']",572,True,"['--input=1', '--benchmark_repetitions=3']",True,hip://5,True,360.33,640.0,269.67,1.77613,523,424,99,204,302.06,,tuning_2025_09_29_16_28/candidates/specs/572_spec.mlir
compute_gemm_4096_4096_8192_f8E4M3FNUZ_f32_tB,573,contraction,sharkmi300x-4,gfx942,4096,4096,8192,64,32,16,8,8,0,0,0,"[0, 1]",LLVMGPUVectorDistribute,"PipelineOptionsSearchSpace(prefetch_shared_memory=[True], no_reduce_shared_memory_bank_conflicts=[None], use_igemm_convolution=[None])",[2],,#iree_gpu.mma_layout<MFMA_F32_32x32x16_F8E4M3FNUZ>,256,64,32,128,4,1,4,2,"['--iree-hal-target-device=hip', '--iree-hip-target=gfx942', '--compile-from=executable-sources']",573,True,"['--input=1', '--benchmark_repetitions=3']",True,hip://6,True,357.33,654.33,269.67,1.83116,520,457,63,204,302.06,,tuning_2025_09_29_16_28/candidates/specs/573_spec.mlir
compute_gemm_4096_4096_8192_f8E4M3FNUZ_f32_tB,574,contraction,sharkmi300x-4,gfx942,4096,4096,8192,64,16,32,8,8,0,0,0,"[0, 1]",LLVMGPUVectorDistribute,"PipelineOptionsSearchSpace(prefetch_shared_memory=[True], no_reduce_shared_memory_bank_conflicts=[None], use_igemm_convolution=[None])",[2],,#iree_gpu.mma_layout<MFMA_F32_16x16x32_F8E4M3FNUZ>,32,512,32,128,1,1,1,2,"['--iree-hal-target-device=hip', '--iree-hip-target=gfx942', '--compile-from=executable-sources']",574,True,"['--input=1', '--benchmark_repetitions=3']",True,hip://6,True,357.33,830.0,269.67,2.32276,528,545,17,204,302.06,,tuning_2025_09_29_16_28/candidates/specs/574_spec.mlir
compute_gemm_4096_4096_8192_f8E4M3FNUZ_f32_tB,575,contraction,sharkmi300x-4,gfx942,4096,4096,8192,64,32,16,8,8,0,0,0,"[0, 1]",LLVMGPUVectorDistribute,"PipelineOptionsSearchSpace(prefetch_shared_memory=[True], no_reduce_shared_memory_bank_conflicts=[None], use_igemm_convolution=[None])",[2],,#iree_gpu.mma_layout<MFMA_F32_32x32x16_F8E4M3FNUZ>,256,256,128,128,4,1,4,2,"['--iree-hal-target-device=hip', '--iree-hip-target=gfx942', '--compile-from=executable-sources']",575,True,"['--input=1', '--benchmark_repetitions=3']",True,hip://7,True,352.5,919.33,269.67,2.60804,533,593,60,204,302.06,,tuning_2025_09_29_16_28/candidates/specs/575_spec.mlir
compute_gemm_4096_4096_8192_f8E4M3FNUZ_f32_tB,576,contraction,sharkmi300x-4,gfx942,4096,4096,8192,64,16,32,8,8,0,0,0,"[0, 1]",LLVMGPUVectorDistribute,"PipelineOptionsSearchSpace(prefetch_shared_memory=[True], no_reduce_shared_memory_bank_conflicts=[None], use_igemm_convolution=[None])",[2],,#iree_gpu.mma_layout<MFMA_F32_16x16x32_F8E4M3FNUZ>,64,256,64,128,2,1,2,2,"['--iree-hal-target-device=hip', '--iree-hip-target=gfx942', '--compile-from=executable-sources']",576,True,"['--input=1', '--benchmark_repetitions=3']",True,hip://7,True,352.5,369.33,269.67,1.04775,525,121,404,204,302.06,,tuning_2025_09_29_16_28/candidates/specs/576_spec.mlir
compute_gemm_4096_4096_8192_f8E4M3FNUZ_f32_tB,577,contraction,sharkmi300x-4,gfx942,4096,4096,8192,64,16,32,8,8,0,0,0,"[0, 1]",LLVMGPUVectorDistribute,"PipelineOptionsSearchSpace(prefetch_shared_memory=[True], no_reduce_shared_memory_bank_conflicts=[None], use_igemm_convolution=[None])",[2],,#iree_gpu.mma_layout<MFMA_F32_16x16x32_F8E4M3FNUZ>,128,64,128,64,1,1,1,1,"['--iree-hal-target-device=hip', '--iree-hip-target=gfx942', '--compile-from=executable-sources']",577,True,"['--input=1', '--benchmark_repetitions=3']",True,hip://2,True,357.5,549.0,269.67,1.53566,542,367,175,204,302.06,,tuning_2025_09_29_16_28/candidates/specs/577_spec.mlir
compute_gemm_4096_4096_8192_f8E4M3FNUZ_f32_tB,578,contraction,sharkmi300x-4,gfx942,4096,4096,8192,64,32,16,8,8,0,0,0,"[0, 1]",LLVMGPUVectorDistribute,"PipelineOptionsSearchSpace(prefetch_shared_memory=[True], no_reduce_shared_memory_bank_conflicts=[None], use_igemm_convolution=[None])",[2],,#iree_gpu.mma_layout<MFMA_F32_32x32x16_F8E4M3FNUZ>,256,128,64,256,2,1,2,4,"['--iree-hal-target-device=hip', '--iree-hip-target=gfx942', '--compile-from=executable-sources']",578,True,"['--input=1', '--benchmark_repetitions=3']",True,hip://2,True,357.5,317.0,269.67,0.88671,526,32,494,204,302.06,,tuning_2025_09_29_16_28/candidates/specs/578_spec.mlir
compute_gemm_4096_4096_8192_f8E4M3FNUZ_f32_tB,579,contraction,sharkmi300x-4,gfx942,4096,4096,8192,64,16,32,8,8,0,0,0,"[0, 1]",LLVMGPUVectorDistribute,"PipelineOptionsSearchSpace(prefetch_shared_memory=[True], no_reduce_shared_memory_bank_conflicts=[None], use_igemm_convolution=[None])",[2],,#iree_gpu.mma_layout<MFMA_F32_16x16x32_F8E4M3FNUZ>,512,32,32,64,1,1,1,1,"['--iree-hal-target-device=hip', '--iree-hip-target=gfx942', '--compile-from=executable-sources']",579,True,"['--input=1', '--benchmark_repetitions=3']",True,hip://2,True,357.5,1490.0,269.67,4.16783,554,700,146,204,302.06,,tuning_2025_09_29_16_28/candidates/specs/579_spec.mlir
compute_gemm_4096_4096_8192_f8E4M3FNUZ_f32_tB,580,contraction,sharkmi300x-4,gfx942,4096,4096,8192,64,32,16,8,8,0,0,0,"[0, 1]",LLVMGPUVectorDistribute,"PipelineOptionsSearchSpace(prefetch_shared_memory=[True], no_reduce_shared_memory_bank_conflicts=[None], use_igemm_convolution=[None])",[2],,#iree_gpu.mma_layout<MFMA_F32_32x32x16_F8E4M3FNUZ>,256,512,32,128,1,1,1,2,"['--iree-hal-target-device=hip', '--iree-hip-target=gfx942', '--compile-from=executable-sources']",580,True,"['--input=1', '--benchmark_repetitions=3']",True,hip://2,True,357.5,18300.0,269.67,51.18881,761,939,178,204,302.06,,tuning_2025_09_29_16_28/candidates/specs/580_spec.mlir
compute_gemm_4096_4096_8192_f8E4M3FNUZ_f32_tB,581,contraction,sharkmi300x-4,gfx942,4096,4096,8192,64,16,32,8,8,0,0,0,"[0, 1]",LLVMGPUVectorDistribute,"PipelineOptionsSearchSpace(prefetch_shared_memory=[True], no_reduce_shared_memory_bank_conflicts=[None], use_igemm_convolution=[None])",[2],,#iree_gpu.mma_layout<MFMA_F32_16x16x32_F8E4M3FNUZ>,128,32,128,64,1,1,1,1,"['--iree-hal-target-device=hip', '--iree-hip-target=gfx942', '--compile-from=executable-sources']",581,True,"['--input=1', '--benchmark_repetitions=3']",True,hip://7,True,352.5,636.33,269.67,1.8052,537,439,98,204,302.06,,tuning_2025_09_29_16_28/candidates/specs/581_spec.mlir
compute_gemm_4096_4096_8192_f8E4M3FNUZ_f32_tB,582,contraction,sharkmi300x-4,gfx942,4096,4096,8192,64,16,32,8,8,0,0,0,"[0, 1]",LLVMGPUVectorDistribute,"PipelineOptionsSearchSpace(prefetch_shared_memory=[True], no_reduce_shared_memory_bank_conflicts=[None], use_igemm_convolution=[None])",[2],,#iree_gpu.mma_layout<MFMA_F32_16x16x32_F8E4M3FNUZ>,128,64,64,128,1,1,1,2,"['--iree-hal-target-device=hip', '--iree-hip-target=gfx942', '--compile-from=executable-sources']",582,True,"['--input=1', '--benchmark_repetitions=3']",True,hip://5,True,360.33,398.33,269.67,1.10546,535,155,380,204,302.06,,tuning_2025_09_29_16_28/candidates/specs/582_spec.mlir
compute_gemm_4096_4096_8192_f8E4M3FNUZ_f32_tB,583,contraction,sharkmi300x-4,gfx942,4096,4096,8192,64,16,32,8,8,0,0,0,"[0, 1]",LLVMGPUVectorDistribute,"PipelineOptionsSearchSpace(prefetch_shared_memory=[True], no_reduce_shared_memory_bank_conflicts=[None], use_igemm_convolution=[None])",[2],,#iree_gpu.mma_layout<MFMA_F32_16x16x32_F8E4M3FNUZ>,64,16,64,64,1,1,1,1,"['--iree-hal-target-device=hip', '--iree-hip-target=gfx942', '--compile-from=executable-sources']",583,True,"['--input=1', '--benchmark_repetitions=3']",True,hip://2,True,357.5,1040.0,269.67,2.90909,530,647,117,204,302.06,,tuning_2025_09_29_16_28/candidates/specs/583_spec.mlir
compute_gemm_4096_4096_8192_f8E4M3FNUZ_f32_tB,584,contraction,sharkmi300x-4,gfx942,4096,4096,8192,64,16,32,8,8,0,0,0,"[0, 1]",LLVMGPUVectorDistribute,"PipelineOptionsSearchSpace(prefetch_shared_memory=[True], no_reduce_shared_memory_bank_conflicts=[None], use_igemm_convolution=[None])",[2],,#iree_gpu.mma_layout<MFMA_F32_16x16x32_F8E4M3FNUZ>,256,256,64,128,1,1,1,2,"['--iree-hal-target-device=hip', '--iree-hip-target=gfx942', '--compile-from=executable-sources']",584,True,"['--input=1', '--benchmark_repetitions=3']",True,hip://5,True,360.33,6276.67,269.67,17.41906,700,830,130,204,302.06,,tuning_2025_09_29_16_28/candidates/specs/584_spec.mlir
compute_gemm_4096_4096_8192_f8E4M3FNUZ_f32_tB,585,contraction,sharkmi300x-4,gfx942,4096,4096,8192,64,32,16,8,8,0,0,0,"[0, 1]",LLVMGPUVectorDistribute,"PipelineOptionsSearchSpace(prefetch_shared_memory=[True], no_reduce_shared_memory_bank_conflicts=[None], use_igemm_convolution=[None])",[2],,#iree_gpu.mma_layout<MFMA_F32_32x32x16_F8E4M3FNUZ>,512,512,32,512,1,1,1,8,"['--iree-hal-target-device=hip', '--iree-hip-target=gfx942', '--compile-from=executable-sources']",585,True,"['--input=1', '--benchmark_repetitions=3']",True,hip://7,True,352.5,11633.33,269.67,33.00236,613,901,288,204,302.06,,tuning_2025_09_29_16_28/candidates/specs/585_spec.mlir
compute_gemm_4096_4096_8192_f8E4M3FNUZ_f32_tB,586,contraction,sharkmi300x-4,gfx942,4096,4096,8192,64,16,32,8,8,0,0,0,"[0, 1]",LLVMGPUVectorDistribute,"PipelineOptionsSearchSpace(prefetch_shared_memory=[True], no_reduce_shared_memory_bank_conflicts=[None], use_igemm_convolution=[None])",[2],,#iree_gpu.mma_layout<MFMA_F32_16x16x32_F8E4M3FNUZ>,128,32,64,128,4,1,4,2,"['--iree-hal-target-device=hip', '--iree-hip-target=gfx942', '--compile-from=executable-sources']",586,True,"['--input=1', '--benchmark_repetitions=3']",True,hip://2,True,357.5,578.67,269.67,1.61865,534,389,145,204,302.06,,tuning_2025_09_29_16_28/candidates/specs/586_spec.mlir
compute_gemm_4096_4096_8192_f8E4M3FNUZ_f32_tB,587,contraction,sharkmi300x-4,gfx942,4096,4096,8192,64,16,32,8,8,0,0,0,"[0, 1]",LLVMGPUVectorDistribute,"PipelineOptionsSearchSpace(prefetch_shared_memory=[True], no_reduce_shared_memory_bank_conflicts=[None], use_igemm_convolution=[None])",[2],,#iree_gpu.mma_layout<MFMA_F32_16x16x32_F8E4M3FNUZ>,128,16,64,64,2,1,2,1,"['--iree-hal-target-device=hip', '--iree-hip-target=gfx942', '--compile-from=executable-sources']",587,True,"['--input=1', '--benchmark_repetitions=3']",True,hip://2,True,357.5,1046.67,269.67,2.92774,538,651,113,204,302.06,,tuning_2025_09_29_16_28/candidates/specs/587_spec.mlir
compute_gemm_4096_4096_8192_f8E4M3FNUZ_f32_tB,588,contraction,sharkmi300x-4,gfx942,4096,4096,8192,64,32,16,8,8,0,0,0,"[0, 1]",LLVMGPUVectorDistribute,"PipelineOptionsSearchSpace(prefetch_shared_memory=[True], no_reduce_shared_memory_bank_conflicts=[None], use_igemm_convolution=[None])",[2],,#iree_gpu.mma_layout<MFMA_F32_32x32x16_F8E4M3FNUZ>,128,512,32,64,4,1,4,1,"['--iree-hal-target-device=hip', '--iree-hip-target=gfx942', '--compile-from=executable-sources']",588,True,"['--input=1', '--benchmark_repetitions=3']",True,hip://6,True,357.33,1993.33,269.67,5.57836,567,767,200,204,302.06,,tuning_2025_09_29_16_28/candidates/specs/588_spec.mlir
compute_gemm_4096_4096_8192_f8E4M3FNUZ_f32_tB,589,contraction,sharkmi300x-4,gfx942,4096,4096,8192,64,16,32,8,8,0,0,0,"[0, 1]",LLVMGPUVectorDistribute,"PipelineOptionsSearchSpace(prefetch_shared_memory=[True], no_reduce_shared_memory_bank_conflicts=[None], use_igemm_convolution=[None])",[2],,#iree_gpu.mma_layout<MFMA_F32_16x16x32_F8E4M3FNUZ>,256,32,128,64,4,1,4,1,"['--iree-hal-target-device=hip', '--iree-hip-target=gfx942', '--compile-from=executable-sources']",589,True,"['--input=1', '--benchmark_repetitions=3']",True,hip://7,True,352.5,548.33,269.67,1.55556,541,373,168,204,302.06,,tuning_2025_09_29_16_28/candidates/specs/589_spec.mlir
compute_gemm_4096_4096_8192_f8E4M3FNUZ_f32_tB,590,contraction,sharkmi300x-4,gfx942,4096,4096,8192,64,16,32,8,8,0,0,0,"[0, 1]",LLVMGPUVectorDistribute,"PipelineOptionsSearchSpace(prefetch_shared_memory=[True], no_reduce_shared_memory_bank_conflicts=[None], use_igemm_convolution=[None])",[2],,#iree_gpu.mma_layout<MFMA_F32_16x16x32_F8E4M3FNUZ>,128,64,32,128,2,1,2,2,"['--iree-hal-target-device=hip', '--iree-hip-target=gfx942', '--compile-from=executable-sources']",590,True,"['--input=1', '--benchmark_repetitions=3']",True,hip://6,True,357.33,711.67,269.67,1.9916,540,495,45,204,302.06,,tuning_2025_09_29_16_28/candidates/specs/590_spec.mlir
compute_gemm_4096_4096_8192_f8E4M3FNUZ_f32_tB,591,contraction,sharkmi300x-4,gfx942,4096,4096,8192,64,32,16,8,8,0,0,0,"[0, 1]",LLVMGPUVectorDistribute,"PipelineOptionsSearchSpace(prefetch_shared_memory=[True], no_reduce_shared_memory_bank_conflicts=[None], use_igemm_convolution=[None])",[2],,#iree_gpu.mma_layout<MFMA_F32_32x32x16_F8E4M3FNUZ>,256,256,64,64,4,1,4,1,"['--iree-hal-target-device=hip', '--iree-hip-target=gfx942', '--compile-from=executable-sources']",591,True,"['--input=1', '--benchmark_repetitions=3']",True,hip://6,True,357.33,332.67,269.67,0.93097,579,64,515,204,302.06,,tuning_2025_09_29_16_28/candidates/specs/591_spec.mlir
compute_gemm_4096_4096_8192_f8E4M3FNUZ_f32_tB,592,contraction,sharkmi300x-4,gfx942,4096,4096,8192,64,32,16,8,8,0,0,0,"[0, 1]",LLVMGPUVectorDistribute,"PipelineOptionsSearchSpace(prefetch_shared_memory=[True], no_reduce_shared_memory_bank_conflicts=[None], use_igemm_convolution=[None])",[2],,#iree_gpu.mma_layout<MFMA_F32_32x32x16_F8E4M3FNUZ>,512,64,32,64,1,1,1,1,"['--iree-hal-target-device=hip', '--iree-hip-target=gfx942', '--compile-from=executable-sources']",592,True,"['--input=1', '--benchmark_repetitions=3']",True,hip://6,True,357.33,9143.33,269.67,25.58769,649,877,228,204,302.06,,tuning_2025_09_29_16_28/candidates/specs/592_spec.mlir
compute_gemm_4096_4096_8192_f8E4M3FNUZ_f32_tB,593,contraction,sharkmi300x-4,gfx942,4096,4096,8192,64,32,16,8,8,0,0,0,"[0, 1]",LLVMGPUVectorDistribute,"PipelineOptionsSearchSpace(prefetch_shared_memory=[True], no_reduce_shared_memory_bank_conflicts=[None], use_igemm_convolution=[None])",[2],,#iree_gpu.mma_layout<MFMA_F32_32x32x16_F8E4M3FNUZ>,512,128,64,64,4,1,4,1,"['--iree-hal-target-device=hip', '--iree-hip-target=gfx942', '--compile-from=executable-sources']",593,True,"['--input=1', '--benchmark_repetitions=3']",True,hip://2,True,357.5,369.0,269.67,1.03217,576,112,464,204,302.06,,tuning_2025_09_29_16_28/candidates/specs/593_spec.mlir
compute_gemm_4096_4096_8192_f8E4M3FNUZ_f32_tB,594,contraction,sharkmi300x-4,gfx942,4096,4096,8192,64,32,16,8,8,0,0,0,"[0, 1]",LLVMGPUVectorDistribute,"PipelineOptionsSearchSpace(prefetch_shared_memory=[True], no_reduce_shared_memory_bank_conflicts=[None], use_igemm_convolution=[None])",[2],,#iree_gpu.mma_layout<MFMA_F32_32x32x16_F8E4M3FNUZ>,512,128,64,256,1,1,1,4,"['--iree-hal-target-device=hip', '--iree-hip-target=gfx942', '--compile-from=executable-sources']",594,True,"['--input=1', '--benchmark_repetitions=3']",True,hip://2,True,357.5,419.0,269.67,1.17203,592,193,399,204,302.06,,tuning_2025_09_29_16_28/candidates/specs/594_spec.mlir
compute_gemm_4096_4096_8192_f8E4M3FNUZ_f32_tB,595,contraction,sharkmi300x-4,gfx942,4096,4096,8192,64,16,32,8,8,0,0,0,"[0, 1]",LLVMGPUVectorDistribute,"PipelineOptionsSearchSpace(prefetch_shared_memory=[True], no_reduce_shared_memory_bank_conflicts=[None], use_igemm_convolution=[None])",[2],,#iree_gpu.mma_layout<MFMA_F32_16x16x32_F8E4M3FNUZ>,16,512,32,64,1,1,1,1,"['--iree-hal-target-device=hip', '--iree-hip-target=gfx942', '--compile-from=executable-sources']",595,True,"['--input=1', '--benchmark_repetitions=3']",True,hip://6,True,357.33,1663.33,269.67,4.65485,556,724,168,204,302.06,,tuning_2025_09_29_16_28/candidates/specs/595_spec.mlir
compute_gemm_4096_4096_8192_f8E4M3FNUZ_f32_tB,596,contraction,sharkmi300x-4,gfx942,4096,4096,8192,64,16,32,8,8,0,0,0,"[0, 1]",LLVMGPUVectorDistribute,"PipelineOptionsSearchSpace(prefetch_shared_memory=[True], no_reduce_shared_memory_bank_conflicts=[None], use_igemm_convolution=[None])",[2],,#iree_gpu.mma_layout<MFMA_F32_16x16x32_F8E4M3FNUZ>,32,256,32,256,1,1,1,4,"['--iree-hal-target-device=hip', '--iree-hip-target=gfx942', '--compile-from=executable-sources']",596,True,"['--input=1', '--benchmark_repetitions=3']",True,hip://7,True,352.5,828.0,269.67,2.34894,545,554,9,204,302.06,,tuning_2025_09_29_16_28/candidates/specs/596_spec.mlir
compute_gemm_4096_4096_8192_f8E4M3FNUZ_f32_tB,597,contraction,sharkmi300x-4,gfx942,4096,4096,8192,64,32,16,8,8,0,0,0,"[0, 1]",LLVMGPUVectorDistribute,"PipelineOptionsSearchSpace(prefetch_shared_memory=[True], no_reduce_shared_memory_bank_conflicts=[None], use_igemm_convolution=[None])",[2],,#iree_gpu.mma_layout<MFMA_F32_32x32x16_F8E4M3FNUZ>,512,256,64,512,1,1,1,8,"['--iree-hal-target-device=hip', '--iree-hip-target=gfx942', '--compile-from=executable-sources']",597,True,"['--input=1', '--benchmark_repetitions=3']",True,hip://5,True,360.33,2366.67,269.67,6.56799,590,780,190,204,302.06,,tuning_2025_09_29_16_28/candidates/specs/597_spec.mlir
compute_gemm_4096_4096_8192_f8E4M3FNUZ_f32_tB,598,contraction,sharkmi300x-4,gfx942,4096,4096,8192,64,16,32,8,8,0,0,0,"[0, 1]",LLVMGPUVectorDistribute,"PipelineOptionsSearchSpace(prefetch_shared_memory=[True], no_reduce_shared_memory_bank_conflicts=[None], use_igemm_convolution=[None])",[2],,#iree_gpu.mma_layout<MFMA_F32_16x16x32_F8E4M3FNUZ>,128,32,32,64,4,1,4,1,"['--iree-hal-target-device=hip', '--iree-hip-target=gfx942', '--compile-from=executable-sources']",598,True,"['--input=1', '--benchmark_repetitions=3']",True,hip://5,True,360.33,996.0,269.67,2.76411,546,620,74,204,302.06,,tuning_2025_09_29_16_28/candidates/specs/598_spec.mlir
compute_gemm_4096_4096_8192_f8E4M3FNUZ_f32_tB,599,contraction,sharkmi300x-4,gfx942,4096,4096,8192,64,32,16,8,8,0,0,0,"[0, 1]",LLVMGPUVectorDistribute,"PipelineOptionsSearchSpace(prefetch_shared_memory=[True], no_reduce_shared_memory_bank_conflicts=[None], use_igemm_convolution=[None])",[2],,#iree_gpu.mma_layout<MFMA_F32_32x32x16_F8E4M3FNUZ>,512,256,32,512,1,1,1,8,"['--iree-hal-target-device=hip', '--iree-hip-target=gfx942', '--compile-from=executable-sources']",599,True,"['--input=1', '--benchmark_repetitions=3']",True,hip://5,True,360.33,2236.67,269.67,6.20722,582,775,193,204,302.06,,tuning_2025_09_29_16_28/candidates/specs/599_spec.mlir
compute_gemm_4096_4096_8192_f8E4M3FNUZ_f32_tB,600,contraction,sharkmi300x-4,gfx942,4096,4096,8192,64,32,16,8,8,0,0,0,"[0, 1]",LLVMGPUVectorDistribute,"PipelineOptionsSearchSpace(prefetch_shared_memory=[True], no_reduce_shared_memory_bank_conflicts=[None], use_igemm_convolution=[None])",[2],,#iree_gpu.mma_layout<MFMA_F32_32x32x16_F8E4M3FNUZ>,128,128,128,64,4,1,4,1,"['--iree-hal-target-device=hip', '--iree-hip-target=gfx942', '--compile-from=executable-sources']",600,True,"['--input=1', '--benchmark_repetitions=3']",True,hip://6,True,357.33,394.67,269.67,1.10448,552,152,400,204,302.06,,tuning_2025_09_29_16_28/candidates/specs/600_spec.mlir
compute_gemm_4096_4096_8192_f8E4M3FNUZ_f32_tB,601,contraction,sharkmi300x-4,gfx942,4096,4096,8192,64,32,16,8,8,0,0,0,"[0, 1]",LLVMGPUVectorDistribute,"PipelineOptionsSearchSpace(prefetch_shared_memory=[True], no_reduce_shared_memory_bank_conflicts=[None], use_igemm_convolution=[None])",[2],,#iree_gpu.mma_layout<MFMA_F32_32x32x16_F8E4M3FNUZ>,128,32,128,64,1,1,1,1,"['--iree-hal-target-device=hip', '--iree-hip-target=gfx942', '--compile-from=executable-sources']",601,True,"['--input=1', '--benchmark_repetitions=3']",True,hip://5,True,360.33,542.67,269.67,1.50601,555,348,207,204,302.06,,tuning_2025_09_29_16_28/candidates/specs/601_spec.mlir
compute_gemm_4096_4096_8192_f8E4M3FNUZ_f32_tB,602,contraction,sharkmi300x-4,gfx942,4096,4096,8192,64,16,32,8,8,0,0,0,"[0, 1]",LLVMGPUVectorDistribute,"PipelineOptionsSearchSpace(prefetch_shared_memory=[True], no_reduce_shared_memory_bank_conflicts=[None], use_igemm_convolution=[None])",[2],,#iree_gpu.mma_layout<MFMA_F32_16x16x32_F8E4M3FNUZ>,128,32,64,64,8,1,8,1,"['--iree-hal-target-device=hip', '--iree-hip-target=gfx942', '--compile-from=executable-sources']",602,True,"['--input=1', '--benchmark_repetitions=3']",True,hip://7,True,352.5,611.0,269.67,1.73333,549,415,134,204,302.06,,tuning_2025_09_29_16_28/candidates/specs/602_spec.mlir
compute_gemm_4096_4096_8192_f8E4M3FNUZ_f32_tB,603,contraction,sharkmi300x-4,gfx942,4096,4096,8192,64,32,16,8,8,0,0,0,"[0, 1]",LLVMGPUVectorDistribute,"PipelineOptionsSearchSpace(prefetch_shared_memory=[True], no_reduce_shared_memory_bank_conflicts=[None], use_igemm_convolution=[None])",[2],,#iree_gpu.mma_layout<MFMA_F32_32x32x16_F8E4M3FNUZ>,512,256,64,64,2,1,2,1,"['--iree-hal-target-device=hip', '--iree-hip-target=gfx942', '--compile-from=executable-sources']",603,True,"['--input=1', '--benchmark_repetitions=3']",True,hip://2,True,357.5,18266.67,269.67,51.09557,821,938,117,204,302.06,,tuning_2025_09_29_16_28/candidates/specs/603_spec.mlir
compute_gemm_4096_4096_8192_f8E4M3FNUZ_f32_tB,604,contraction,sharkmi300x-4,gfx942,4096,4096,8192,64,16,32,8,8,0,0,0,"[0, 1]",LLVMGPUVectorDistribute,"PipelineOptionsSearchSpace(prefetch_shared_memory=[True], no_reduce_shared_memory_bank_conflicts=[None], use_igemm_convolution=[None])",[2],,#iree_gpu.mma_layout<MFMA_F32_16x16x32_F8E4M3FNUZ>,256,16,32,64,1,1,1,1,"['--iree-hal-target-device=hip', '--iree-hip-target=gfx942', '--compile-from=executable-sources']",604,True,"['--input=1', '--benchmark_repetitions=3']",True,hip://2,True,357.5,1706.67,269.67,4.77389,559,731,172,204,302.06,,tuning_2025_09_29_16_28/candidates/specs/604_spec.mlir
compute_gemm_4096_4096_8192_f8E4M3FNUZ_f32_tB,605,contraction,sharkmi300x-4,gfx942,4096,4096,8192,64,16,32,8,8,0,0,0,"[0, 1]",LLVMGPUVectorDistribute,"PipelineOptionsSearchSpace(prefetch_shared_memory=[True], no_reduce_shared_memory_bank_conflicts=[None], use_igemm_convolution=[None])",[2],,#iree_gpu.mma_layout<MFMA_F32_16x16x32_F8E4M3FNUZ>,512,16,32,64,1,1,1,1,"['--iree-hal-target-device=hip', '--iree-hip-target=gfx942', '--compile-from=executable-sources']",605,True,"['--input=1', '--benchmark_repetitions=3']",True,hip://6,True,357.33,1970.0,269.67,5.51306,571,765,194,204,302.06,,tuning_2025_09_29_16_28/candidates/specs/605_spec.mlir
compute_gemm_4096_4096_8192_f8E4M3FNUZ_f32_tB,606,contraction,sharkmi300x-4,gfx942,4096,4096,8192,64,32,16,8,8,0,0,0,"[0, 1]",LLVMGPUVectorDistribute,"PipelineOptionsSearchSpace(prefetch_shared_memory=[True], no_reduce_shared_memory_bank_conflicts=[None], use_igemm_convolution=[None])",[2],,#iree_gpu.mma_layout<MFMA_F32_32x32x16_F8E4M3FNUZ>,256,256,32,64,8,1,8,1,"['--iree-hal-target-device=hip', '--iree-hip-target=gfx942', '--compile-from=executable-sources']",606,True,"['--input=1', '--benchmark_repetitions=3']",True,hip://7,True,352.5,328.0,269.67,0.9305,565,63,502,204,302.06,,tuning_2025_09_29_16_28/candidates/specs/606_spec.mlir
compute_gemm_4096_4096_8192_f8E4M3FNUZ_f32_tB,607,contraction,sharkmi300x-4,gfx942,4096,4096,8192,64,32,16,8,8,0,0,0,"[0, 1]",LLVMGPUVectorDistribute,"PipelineOptionsSearchSpace(prefetch_shared_memory=[True], no_reduce_shared_memory_bank_conflicts=[None], use_igemm_convolution=[None])",[2],,#iree_gpu.mma_layout<MFMA_F32_32x32x16_F8E4M3FNUZ>,128,256,128,128,4,1,4,2,"['--iree-hal-target-device=hip', '--iree-hip-target=gfx942', '--compile-from=executable-sources']",607,True,"['--input=1', '--benchmark_repetitions=3']",True,hip://2,True,357.5,320.0,269.67,0.8951,564,40,524,204,302.06,,tuning_2025_09_29_16_28/candidates/specs/607_spec.mlir
compute_gemm_4096_4096_8192_f8E4M3FNUZ_f32_tB,608,contraction,sharkmi300x-4,gfx942,4096,4096,8192,64,16,32,8,8,0,0,0,"[0, 1]",LLVMGPUVectorDistribute,"PipelineOptionsSearchSpace(prefetch_shared_memory=[True], no_reduce_shared_memory_bank_conflicts=[None], use_igemm_convolution=[None])",[2],,#iree_gpu.mma_layout<MFMA_F32_16x16x32_F8E4M3FNUZ>,512,256,32,64,1,1,1,1,"['--iree-hal-target-device=hip', '--iree-hip-target=gfx942', '--compile-from=executable-sources']",608,False,"['--input=1', '--benchmark_repetitions=3']",False,,False,,,,,,,,,,,tuning_2025_09_29_16_28/candidates/specs/608_spec.mlir
compute_gemm_4096_4096_8192_f8E4M3FNUZ_f32_tB,609,contraction,sharkmi300x-4,gfx942,4096,4096,8192,64,32,16,8,8,0,0,0,"[0, 1]",LLVMGPUVectorDistribute,"PipelineOptionsSearchSpace(prefetch_shared_memory=[True], no_reduce_shared_memory_bank_conflicts=[None], use_igemm_convolution=[None])",[2],,#iree_gpu.mma_layout<MFMA_F32_32x32x16_F8E4M3FNUZ>,128,32,32,64,4,1,4,1,"['--iree-hal-target-device=hip', '--iree-hip-target=gfx942', '--compile-from=executable-sources']",609,True,"['--input=1', '--benchmark_repetitions=3']",True,hip://7,True,352.5,997.67,269.67,2.83026,557,626,69,204,302.06,,tuning_2025_09_29_16_28/candidates/specs/609_spec.mlir
compute_gemm_4096_4096_8192_f8E4M3FNUZ_f32_tB,610,contraction,sharkmi300x-4,gfx942,4096,4096,8192,64,16,32,8,8,0,0,0,"[0, 1]",LLVMGPUVectorDistribute,"PipelineOptionsSearchSpace(prefetch_shared_memory=[True], no_reduce_shared_memory_bank_conflicts=[None], use_igemm_convolution=[None])",[2],,#iree_gpu.mma_layout<MFMA_F32_16x16x32_F8E4M3FNUZ>,256,512,64,128,1,1,1,2,"['--iree-hal-target-device=hip', '--iree-hip-target=gfx942', '--compile-from=executable-sources']",610,True,"['--input=1', '--benchmark_repetitions=3']",True,hip://5,True,360.33,13800.0,269.67,38.29787,942,915,27,204,302.06,,tuning_2025_09_29_16_28/candidates/specs/610_spec.mlir
compute_gemm_4096_4096_8192_f8E4M3FNUZ_f32_tB,611,contraction,sharkmi300x-4,gfx942,4096,4096,8192,64,16,32,8,8,0,0,0,"[0, 1]",LLVMGPUVectorDistribute,"PipelineOptionsSearchSpace(prefetch_shared_memory=[True], no_reduce_shared_memory_bank_conflicts=[None], use_igemm_convolution=[None])",[2],,#iree_gpu.mma_layout<MFMA_F32_16x16x32_F8E4M3FNUZ>,256,128,64,128,1,1,1,2,"['--iree-hal-target-device=hip', '--iree-hip-target=gfx942', '--compile-from=executable-sources']",611,True,"['--input=1', '--benchmark_repetitions=3']",True,hip://6,True,357.33,471.33,269.67,1.31903,610,246,364,204,302.06,,tuning_2025_09_29_16_28/candidates/specs/611_spec.mlir
compute_gemm_4096_4096_8192_f8E4M3FNUZ_f32_tB,612,contraction,sharkmi300x-4,gfx942,4096,4096,8192,64,16,32,8,8,0,0,0,"[0, 1]",LLVMGPUVectorDistribute,"PipelineOptionsSearchSpace(prefetch_shared_memory=[True], no_reduce_shared_memory_bank_conflicts=[None], use_igemm_convolution=[None])",[2],,#iree_gpu.mma_layout<MFMA_F32_16x16x32_F8E4M3FNUZ>,512,64,32,128,4,1,4,2,"['--iree-hal-target-device=hip', '--iree-hip-target=gfx942', '--compile-from=executable-sources']",612,True,"['--input=1', '--benchmark_repetitions=3']",True,hip://6,True,357.33,647.33,269.67,1.81157,563,445,118,204,302.06,,tuning_2025_09_29_16_28/candidates/specs/612_spec.mlir
compute_gemm_4096_4096_8192_f8E4M3FNUZ_f32_tB,613,contraction,sharkmi300x-4,gfx942,4096,4096,8192,64,16,32,8,8,0,0,0,"[0, 1]",LLVMGPUVectorDistribute,"PipelineOptionsSearchSpace(prefetch_shared_memory=[True], no_reduce_shared_memory_bank_conflicts=[None], use_igemm_convolution=[None])",[2],,#iree_gpu.mma_layout<MFMA_F32_16x16x32_F8E4M3FNUZ>,64,512,32,256,1,1,1,4,"['--iree-hal-target-device=hip', '--iree-hip-target=gfx942', '--compile-from=executable-sources']",613,True,"['--input=1', '--benchmark_repetitions=3']",True,hip://7,True,352.5,479.67,269.67,1.36076,569,265,304,204,302.06,,tuning_2025_09_29_16_28/candidates/specs/613_spec.mlir
compute_gemm_4096_4096_8192_f8E4M3FNUZ_f32_tB,614,contraction,sharkmi300x-4,gfx942,4096,4096,8192,64,16,32,8,8,0,0,0,"[0, 1]",LLVMGPUVectorDistribute,"PipelineOptionsSearchSpace(prefetch_shared_memory=[True], no_reduce_shared_memory_bank_conflicts=[None], use_igemm_convolution=[None])",[2],,#iree_gpu.mma_layout<MFMA_F32_16x16x32_F8E4M3FNUZ>,128,64,32,64,4,1,4,1,"['--iree-hal-target-device=hip', '--iree-hip-target=gfx942', '--compile-from=executable-sources']",614,True,"['--input=1', '--benchmark_repetitions=3']",True,hip://5,True,360.33,716.33,269.67,1.98797,558,492,66,204,302.06,,tuning_2025_09_29_16_28/candidates/specs/614_spec.mlir
compute_gemm_4096_4096_8192_f8E4M3FNUZ_f32_tB,615,contraction,sharkmi300x-4,gfx942,4096,4096,8192,64,16,32,8,8,0,0,0,"[0, 1]",LLVMGPUVectorDistribute,"PipelineOptionsSearchSpace(prefetch_shared_memory=[True], no_reduce_shared_memory_bank_conflicts=[None], use_igemm_convolution=[None])",[2],,#iree_gpu.mma_layout<MFMA_F32_16x16x32_F8E4M3FNUZ>,512,128,32,256,1,1,1,4,"['--iree-hal-target-device=hip', '--iree-hip-target=gfx942', '--compile-from=executable-sources']",615,True,"['--input=1', '--benchmark_repetitions=3']",True,hip://6,True,357.33,1553.33,269.67,4.34701,599,717,118,204,302.06,,tuning_2025_09_29_16_28/candidates/specs/615_spec.mlir
compute_gemm_4096_4096_8192_f8E4M3FNUZ_f32_tB,616,contraction,sharkmi300x-4,gfx942,4096,4096,8192,64,16,32,8,8,0,0,0,"[0, 1]",LLVMGPUVectorDistribute,"PipelineOptionsSearchSpace(prefetch_shared_memory=[True], no_reduce_shared_memory_bank_conflicts=[None], use_igemm_convolution=[None])",[2],,#iree_gpu.mma_layout<MFMA_F32_16x16x32_F8E4M3FNUZ>,256,512,64,64,1,1,1,1,"['--iree-hal-target-device=hip', '--iree-hip-target=gfx942', '--compile-from=executable-sources']",616,False,"['--input=1', '--benchmark_repetitions=3']",False,,False,,,,,,,,,,,tuning_2025_09_29_16_28/candidates/specs/616_spec.mlir
compute_gemm_4096_4096_8192_f8E4M3FNUZ_f32_tB,617,contraction,sharkmi300x-4,gfx942,4096,4096,8192,64,16,32,8,8,0,0,0,"[0, 1]",LLVMGPUVectorDistribute,"PipelineOptionsSearchSpace(prefetch_shared_memory=[True], no_reduce_shared_memory_bank_conflicts=[None], use_igemm_convolution=[None])",[2],,#iree_gpu.mma_layout<MFMA_F32_16x16x32_F8E4M3FNUZ>,512,64,64,64,4,1,4,1,"['--iree-hal-target-device=hip', '--iree-hip-target=gfx942', '--compile-from=executable-sources']",617,True,"['--input=1', '--benchmark_repetitions=3']",True,hip://7,True,352.5,571.0,269.67,1.61986,589,390,199,204,302.06,,tuning_2025_09_29_16_28/candidates/specs/617_spec.mlir
compute_gemm_4096_4096_8192_f8E4M3FNUZ_f32_tB,618,contraction,sharkmi300x-4,gfx942,4096,4096,8192,64,16,32,8,8,0,0,0,"[0, 1]",LLVMGPUVectorDistribute,"PipelineOptionsSearchSpace(prefetch_shared_memory=[True], no_reduce_shared_memory_bank_conflicts=[None], use_igemm_convolution=[None])",[2],,#iree_gpu.mma_layout<MFMA_F32_16x16x32_F8E4M3FNUZ>,512,512,64,128,2,1,2,2,"['--iree-hal-target-device=hip', '--iree-hip-target=gfx942', '--compile-from=executable-sources']",618,True,"['--input=1', '--benchmark_repetitions=3']",True,hip://2,True,357.5,16500.0,269.67,46.15385,949,928,21,204,302.06,,tuning_2025_09_29_16_28/candidates/specs/618_spec.mlir
compute_gemm_4096_4096_8192_f8E4M3FNUZ_f32_tB,619,contraction,sharkmi300x-4,gfx942,4096,4096,8192,64,16,32,8,8,0,0,0,"[0, 1]",LLVMGPUVectorDistribute,"PipelineOptionsSearchSpace(prefetch_shared_memory=[True], no_reduce_shared_memory_bank_conflicts=[None], use_igemm_convolution=[None])",[2],,#iree_gpu.mma_layout<MFMA_F32_16x16x32_F8E4M3FNUZ>,128,256,128,256,2,1,2,4,"['--iree-hal-target-device=hip', '--iree-hip-target=gfx942', '--compile-from=executable-sources']",619,True,"['--input=1', '--benchmark_repetitions=3']",True,hip://2,True,357.5,300.0,269.67,0.83916,580,14,566,204,302.06,,tuning_2025_09_29_16_28/candidates/specs/619_spec.mlir
compute_gemm_4096_4096_8192_f8E4M3FNUZ_f32_tB,620,contraction,sharkmi300x-4,gfx942,4096,4096,8192,64,16,32,8,8,0,0,0,"[0, 1]",LLVMGPUVectorDistribute,"PipelineOptionsSearchSpace(prefetch_shared_memory=[True], no_reduce_shared_memory_bank_conflicts=[None], use_igemm_convolution=[None])",[2],,#iree_gpu.mma_layout<MFMA_F32_16x16x32_F8E4M3FNUZ>,512,64,64,64,1,1,1,1,"['--iree-hal-target-device=hip', '--iree-hip-target=gfx942', '--compile-from=executable-sources']",620,True,"['--input=1', '--benchmark_repetitions=3']",True,hip://6,True,357.33,9426.67,269.67,26.3806,711,879,168,204,302.06,,tuning_2025_09_29_16_28/candidates/specs/620_spec.mlir
compute_gemm_4096_4096_8192_f8E4M3FNUZ_f32_tB,621,contraction,sharkmi300x-4,gfx942,4096,4096,8192,64,16,32,8,8,0,0,0,"[0, 1]",LLVMGPUVectorDistribute,"PipelineOptionsSearchSpace(prefetch_shared_memory=[True], no_reduce_shared_memory_bank_conflicts=[None], use_igemm_convolution=[None])",[2],,#iree_gpu.mma_layout<MFMA_F32_16x16x32_F8E4M3FNUZ>,512,32,64,64,4,1,4,1,"['--iree-hal-target-device=hip', '--iree-hip-target=gfx942', '--compile-from=executable-sources']",621,True,"['--input=1', '--benchmark_repetitions=3']",True,hip://6,True,357.33,759.67,269.67,2.12593,583,522,61,204,302.06,,tuning_2025_09_29_16_28/candidates/specs/621_spec.mlir
compute_gemm_4096_4096_8192_f8E4M3FNUZ_f32_tB,622,contraction,sharkmi300x-4,gfx942,4096,4096,8192,64,32,16,8,8,0,0,0,"[0, 1]",LLVMGPUVectorDistribute,"PipelineOptionsSearchSpace(prefetch_shared_memory=[True], no_reduce_shared_memory_bank_conflicts=[None], use_igemm_convolution=[None])",[2],,#iree_gpu.mma_layout<MFMA_F32_32x32x16_F8E4M3FNUZ>,256,128,128,128,2,1,2,2,"['--iree-hal-target-device=hip', '--iree-hip-target=gfx942', '--compile-from=executable-sources']",622,True,"['--input=1', '--benchmark_repetitions=3']",True,hip://5,True,360.33,359.0,269.67,0.9963,598,95,503,204,302.06,,tuning_2025_09_29_16_28/candidates/specs/622_spec.mlir
compute_gemm_4096_4096_8192_f8E4M3FNUZ_f32_tB,623,contraction,sharkmi300x-4,gfx942,4096,4096,8192,64,16,32,8,8,0,0,0,"[0, 1]",LLVMGPUVectorDistribute,"PipelineOptionsSearchSpace(prefetch_shared_memory=[True], no_reduce_shared_memory_bank_conflicts=[None], use_igemm_convolution=[None])",[2],,#iree_gpu.mma_layout<MFMA_F32_16x16x32_F8E4M3FNUZ>,128,64,128,64,2,1,2,1,"['--iree-hal-target-device=hip', '--iree-hip-target=gfx942', '--compile-from=executable-sources']",623,True,"['--input=1', '--benchmark_repetitions=3']",True,hip://2,True,357.5,361.33,269.67,1.01072,588,100,488,204,302.06,,tuning_2025_09_29_16_28/candidates/specs/623_spec.mlir
compute_gemm_4096_4096_8192_f8E4M3FNUZ_f32_tB,624,contraction,sharkmi300x-4,gfx942,4096,4096,8192,64,16,32,8,8,0,0,0,"[0, 1]",LLVMGPUVectorDistribute,"PipelineOptionsSearchSpace(prefetch_shared_memory=[True], no_reduce_shared_memory_bank_conflicts=[None], use_igemm_convolution=[None])",[2],,#iree_gpu.mma_layout<MFMA_F32_16x16x32_F8E4M3FNUZ>,16,128,256,128,1,1,1,2,"['--iree-hal-target-device=hip', '--iree-hip-target=gfx942', '--compile-from=executable-sources']",624,True,"['--input=1', '--benchmark_repetitions=3']",True,hip://6,True,357.33,950.67,269.67,2.66045,575,602,27,204,302.06,,tuning_2025_09_29_16_28/candidates/specs/624_spec.mlir
compute_gemm_4096_4096_8192_f8E4M3FNUZ_f32_tB,625,contraction,sharkmi300x-4,gfx942,4096,4096,8192,64,16,32,8,8,0,0,0,"[0, 1]",LLVMGPUVectorDistribute,"PipelineOptionsSearchSpace(prefetch_shared_memory=[True], no_reduce_shared_memory_bank_conflicts=[None], use_igemm_convolution=[None])",[2],,#iree_gpu.mma_layout<MFMA_F32_16x16x32_F8E4M3FNUZ>,128,128,128,128,2,1,2,2,"['--iree-hal-target-device=hip', '--iree-hip-target=gfx942', '--compile-from=executable-sources']",625,True,"['--input=1', '--benchmark_repetitions=3']",True,hip://6,True,357.33,417.0,269.67,1.16698,587,188,399,204,302.06,,tuning_2025_09_29_16_28/candidates/specs/625_spec.mlir
compute_gemm_4096_4096_8192_f8E4M3FNUZ_f32_tB,626,contraction,sharkmi300x-4,gfx942,4096,4096,8192,64,16,32,8,8,0,0,0,"[0, 1]",LLVMGPUVectorDistribute,"PipelineOptionsSearchSpace(prefetch_shared_memory=[True], no_reduce_shared_memory_bank_conflicts=[None], use_igemm_convolution=[None])",[2],,#iree_gpu.mma_layout<MFMA_F32_16x16x32_F8E4M3FNUZ>,32,64,128,64,1,1,1,1,"['--iree-hal-target-device=hip', '--iree-hip-target=gfx942', '--compile-from=executable-sources']",626,True,"['--input=1', '--benchmark_repetitions=3']",True,hip://7,True,352.5,467.67,269.67,1.32671,581,249,332,204,302.06,,tuning_2025_09_29_16_28/candidates/specs/626_spec.mlir
compute_gemm_4096_4096_8192_f8E4M3FNUZ_f32_tB,627,contraction,sharkmi300x-4,gfx942,4096,4096,8192,64,32,16,8,8,0,0,0,"[0, 1]",LLVMGPUVectorDistribute,"PipelineOptionsSearchSpace(prefetch_shared_memory=[True], no_reduce_shared_memory_bank_conflicts=[None], use_igemm_convolution=[None])",[2],,#iree_gpu.mma_layout<MFMA_F32_32x32x16_F8E4M3FNUZ>,128,128,128,128,1,1,1,2,"['--iree-hal-target-device=hip', '--iree-hip-target=gfx942', '--compile-from=executable-sources']",627,True,"['--input=1', '--benchmark_repetitions=3']",True,hip://5,True,360.33,491.33,269.67,1.36355,602,271,331,204,302.06,,tuning_2025_09_29_16_28/candidates/specs/627_spec.mlir
compute_gemm_4096_4096_8192_f8E4M3FNUZ_f32_tB,628,contraction,sharkmi300x-4,gfx942,4096,4096,8192,64,16,32,8,8,0,0,0,"[0, 1]",LLVMGPUVectorDistribute,"PipelineOptionsSearchSpace(prefetch_shared_memory=[True], no_reduce_shared_memory_bank_conflicts=[None], use_igemm_convolution=[None])",[2],,#iree_gpu.mma_layout<MFMA_F32_16x16x32_F8E4M3FNUZ>,128,256,32,128,2,1,2,2,"['--iree-hal-target-device=hip', '--iree-hip-target=gfx942', '--compile-from=executable-sources']",628,True,"['--input=1', '--benchmark_repetitions=3']",True,hip://5,True,360.33,374.33,269.67,1.03885,594,115,479,204,302.06,,tuning_2025_09_29_16_28/candidates/specs/628_spec.mlir
compute_gemm_4096_4096_8192_f8E4M3FNUZ_f32_tB,629,contraction,sharkmi300x-4,gfx942,4096,4096,8192,64,32,16,8,8,0,0,0,"[0, 1]",LLVMGPUVectorDistribute,"PipelineOptionsSearchSpace(prefetch_shared_memory=[True], no_reduce_shared_memory_bank_conflicts=[None], use_igemm_convolution=[None])",[2],,#iree_gpu.mma_layout<MFMA_F32_32x32x16_F8E4M3FNUZ>,512,256,64,128,4,1,4,2,"['--iree-hal-target-device=hip', '--iree-hip-target=gfx942', '--compile-from=executable-sources']",629,True,"['--input=1', '--benchmark_repetitions=3']",True,hip://7,True,352.5,3446.67,269.67,9.77778,625,805,180,204,302.06,,tuning_2025_09_29_16_28/candidates/specs/629_spec.mlir
compute_gemm_4096_4096_8192_f8E4M3FNUZ_f32_tB,630,contraction,sharkmi300x-4,gfx942,4096,4096,8192,64,16,32,8,8,0,0,0,"[0, 1]",LLVMGPUVectorDistribute,"PipelineOptionsSearchSpace(prefetch_shared_memory=[True], no_reduce_shared_memory_bank_conflicts=[None], use_igemm_convolution=[None])",[2],,#iree_gpu.mma_layout<MFMA_F32_16x16x32_F8E4M3FNUZ>,128,256,64,64,2,1,2,1,"['--iree-hal-target-device=hip', '--iree-hip-target=gfx942', '--compile-from=executable-sources']",630,True,"['--input=1', '--benchmark_repetitions=3']",True,hip://7,True,352.5,483.0,269.67,1.37021,638,274,364,204,302.06,,tuning_2025_09_29_16_28/candidates/specs/630_spec.mlir
compute_gemm_4096_4096_8192_f8E4M3FNUZ_f32_tB,631,contraction,sharkmi300x-4,gfx942,4096,4096,8192,64,32,16,8,8,0,0,0,"[0, 1]",LLVMGPUVectorDistribute,"PipelineOptionsSearchSpace(prefetch_shared_memory=[True], no_reduce_shared_memory_bank_conflicts=[None], use_igemm_convolution=[None])",[2],,#iree_gpu.mma_layout<MFMA_F32_32x32x16_F8E4M3FNUZ>,256,256,32,128,2,1,2,2,"['--iree-hal-target-device=hip', '--iree-hip-target=gfx942', '--compile-from=executable-sources']",631,True,"['--input=1', '--benchmark_repetitions=3']",True,hip://5,True,360.33,2306.67,269.67,6.40148,623,776,153,204,302.06,,tuning_2025_09_29_16_28/candidates/specs/631_spec.mlir
compute_gemm_4096_4096_8192_f8E4M3FNUZ_f32_tB,632,contraction,sharkmi300x-4,gfx942,4096,4096,8192,64,16,32,8,8,0,0,0,"[0, 1]",LLVMGPUVectorDistribute,"PipelineOptionsSearchSpace(prefetch_shared_memory=[True], no_reduce_shared_memory_bank_conflicts=[None], use_igemm_convolution=[None])",[2],,#iree_gpu.mma_layout<MFMA_F32_16x16x32_F8E4M3FNUZ>,128,32,64,64,4,1,4,1,"['--iree-hal-target-device=hip', '--iree-hip-target=gfx942', '--compile-from=executable-sources']",632,True,"['--input=1', '--benchmark_repetitions=3']",True,hip://5,True,360.33,621.0,269.67,1.7234,586,412,174,204,302.06,,tuning_2025_09_29_16_28/candidates/specs/632_spec.mlir
compute_gemm_4096_4096_8192_f8E4M3FNUZ_f32_tB,633,contraction,sharkmi300x-4,gfx942,4096,4096,8192,64,32,16,8,8,0,0,0,"[0, 1]",LLVMGPUVectorDistribute,"PipelineOptionsSearchSpace(prefetch_shared_memory=[True], no_reduce_shared_memory_bank_conflicts=[None], use_igemm_convolution=[None])",[2],,#iree_gpu.mma_layout<MFMA_F32_32x32x16_F8E4M3FNUZ>,128,128,256,64,4,1,4,1,"['--iree-hal-target-device=hip', '--iree-hip-target=gfx942', '--compile-from=executable-sources']",633,True,"['--input=1', '--benchmark_repetitions=3']",True,hip://7,True,352.5,1473.33,269.67,4.17967,605,703,98,204,302.06,,tuning_2025_09_29_16_28/candidates/specs/633_spec.mlir
compute_gemm_4096_4096_8192_f8E4M3FNUZ_f32_tB,634,contraction,sharkmi300x-4,gfx942,4096,4096,8192,64,16,32,8,8,0,0,0,"[0, 1]",LLVMGPUVectorDistribute,"PipelineOptionsSearchSpace(prefetch_shared_memory=[True], no_reduce_shared_memory_bank_conflicts=[None], use_igemm_convolution=[None])",[2],,#iree_gpu.mma_layout<MFMA_F32_16x16x32_F8E4M3FNUZ>,128,64,64,64,4,1,4,1,"['--iree-hal-target-device=hip', '--iree-hip-target=gfx942', '--compile-from=executable-sources']",634,True,"['--input=1', '--benchmark_repetitions=3']",True,hip://6,True,357.33,401.67,269.67,1.12407,591,163,428,204,302.06,,tuning_2025_09_29_16_28/candidates/specs/634_spec.mlir
compute_gemm_4096_4096_8192_f8E4M3FNUZ_f32_tB,635,contraction,sharkmi300x-4,gfx942,4096,4096,8192,64,16,32,8,8,0,0,0,"[0, 1]",LLVMGPUVectorDistribute,"PipelineOptionsSearchSpace(prefetch_shared_memory=[True], no_reduce_shared_memory_bank_conflicts=[None], use_igemm_convolution=[None])",[2],,#iree_gpu.mma_layout<MFMA_F32_16x16x32_F8E4M3FNUZ>,128,64,64,64,2,1,2,1,"['--iree-hal-target-device=hip', '--iree-hip-target=gfx942', '--compile-from=executable-sources']",635,True,"['--input=1', '--benchmark_repetitions=3']",True,hip://2,True,357.5,411.67,269.67,1.15152,596,177,419,204,302.06,,tuning_2025_09_29_16_28/candidates/specs/635_spec.mlir
compute_gemm_4096_4096_8192_f8E4M3FNUZ_f32_tB,636,contraction,sharkmi300x-4,gfx942,4096,4096,8192,64,32,16,8,8,0,0,0,"[0, 1]",LLVMGPUVectorDistribute,"PipelineOptionsSearchSpace(prefetch_shared_memory=[True], no_reduce_shared_memory_bank_conflicts=[None], use_igemm_convolution=[None])",[2],,#iree_gpu.mma_layout<MFMA_F32_32x32x16_F8E4M3FNUZ>,64,256,32,256,1,1,1,4,"['--iree-hal-target-device=hip', '--iree-hip-target=gfx942', '--compile-from=executable-sources']",636,True,"['--input=1', '--benchmark_repetitions=3']",True,hip://7,True,352.5,534.0,269.67,1.51489,593,357,236,204,302.06,,tuning_2025_09_29_16_28/candidates/specs/636_spec.mlir
compute_gemm_4096_4096_8192_f8E4M3FNUZ_f32_tB,637,contraction,sharkmi300x-4,gfx942,4096,4096,8192,64,32,16,8,8,0,0,0,"[0, 1]",LLVMGPUVectorDistribute,"PipelineOptionsSearchSpace(prefetch_shared_memory=[True], no_reduce_shared_memory_bank_conflicts=[None], use_igemm_convolution=[None])",[2],,#iree_gpu.mma_layout<MFMA_F32_32x32x16_F8E4M3FNUZ>,512,128,64,256,2,1,2,4,"['--iree-hal-target-device=hip', '--iree-hip-target=gfx942', '--compile-from=executable-sources']",637,True,"['--input=1', '--benchmark_repetitions=3']",True,hip://7,True,352.5,332.0,269.67,0.94184,609,68,541,204,302.06,,tuning_2025_09_29_16_28/candidates/specs/637_spec.mlir
compute_gemm_4096_4096_8192_f8E4M3FNUZ_f32_tB,638,contraction,sharkmi300x-4,gfx942,4096,4096,8192,64,32,16,8,8,0,0,0,"[0, 1]",LLVMGPUVectorDistribute,"PipelineOptionsSearchSpace(prefetch_shared_memory=[True], no_reduce_shared_memory_bank_conflicts=[None], use_igemm_convolution=[None])",[2],,#iree_gpu.mma_layout<MFMA_F32_32x32x16_F8E4M3FNUZ>,256,32,128,64,2,1,2,1,"['--iree-hal-target-device=hip', '--iree-hip-target=gfx942', '--compile-from=executable-sources']",638,True,"['--input=1', '--benchmark_repetitions=3']",True,hip://5,True,360.33,674.33,269.67,1.87142,607,468,139,204,302.06,,tuning_2025_09_29_16_28/candidates/specs/638_spec.mlir
compute_gemm_4096_4096_8192_f8E4M3FNUZ_f32_tB,639,contraction,sharkmi300x-4,gfx942,4096,4096,8192,64,16,32,8,8,0,0,0,"[0, 1]",LLVMGPUVectorDistribute,"PipelineOptionsSearchSpace(prefetch_shared_memory=[True], no_reduce_shared_memory_bank_conflicts=[None], use_igemm_convolution=[None])",[2],,#iree_gpu.mma_layout<MFMA_F32_16x16x32_F8E4M3FNUZ>,512,512,64,64,4,1,4,1,"['--iree-hal-target-device=hip', '--iree-hip-target=gfx942', '--compile-from=executable-sources']",639,True,"['--input=1', '--benchmark_repetitions=3']",True,hip://5,True,360.33,10300.0,269.67,28.58464,859,891,32,204,302.06,,tuning_2025_09_29_16_28/candidates/specs/639_spec.mlir
compute_gemm_4096_4096_8192_f8E4M3FNUZ_f32_tB,640,contraction,sharkmi300x-4,gfx942,4096,4096,8192,64,32,16,8,8,0,0,0,"[0, 1]",LLVMGPUVectorDistribute,"PipelineOptionsSearchSpace(prefetch_shared_memory=[True], no_reduce_shared_memory_bank_conflicts=[None], use_igemm_convolution=[None])",[2],,#iree_gpu.mma_layout<MFMA_F32_32x32x16_F8E4M3FNUZ>,64,256,128,64,1,1,1,1,"['--iree-hal-target-device=hip', '--iree-hip-target=gfx942', '--compile-from=executable-sources']",640,True,"['--input=1', '--benchmark_repetitions=3']",True,hip://6,True,357.33,867.0,269.67,2.42631,665,568,97,204,302.06,,tuning_2025_09_29_16_28/candidates/specs/640_spec.mlir
compute_gemm_4096_4096_8192_f8E4M3FNUZ_f32_tB,641,contraction,sharkmi300x-4,gfx942,4096,4096,8192,64,16,32,8,8,0,0,0,"[0, 1]",LLVMGPUVectorDistribute,"PipelineOptionsSearchSpace(prefetch_shared_memory=[True], no_reduce_shared_memory_bank_conflicts=[None], use_igemm_convolution=[None])",[2],,#iree_gpu.mma_layout<MFMA_F32_16x16x32_F8E4M3FNUZ>,256,512,32,64,8,1,8,1,"['--iree-hal-target-device=hip', '--iree-hip-target=gfx942', '--compile-from=executable-sources']",641,True,"['--input=1', '--benchmark_repetitions=3']",True,hip://5,True,360.33,1956.67,269.67,5.43016,636,761,125,204,302.06,,tuning_2025_09_29_16_28/candidates/specs/641_spec.mlir
compute_gemm_4096_4096_8192_f8E4M3FNUZ_f32_tB,642,contraction,sharkmi300x-4,gfx942,4096,4096,8192,64,16,32,8,8,0,0,0,"[0, 1]",LLVMGPUVectorDistribute,"PipelineOptionsSearchSpace(prefetch_shared_memory=[True], no_reduce_shared_memory_bank_conflicts=[None], use_igemm_convolution=[None])",[2],,#iree_gpu.mma_layout<MFMA_F32_16x16x32_F8E4M3FNUZ>,64,256,128,64,1,1,1,1,"['--iree-hal-target-device=hip', '--iree-hip-target=gfx942', '--compile-from=executable-sources']",642,True,"['--input=1', '--benchmark_repetitions=3']",True,hip://2,True,357.5,4280.0,269.67,11.97203,664,815,151,204,302.06,,tuning_2025_09_29_16_28/candidates/specs/642_spec.mlir
compute_gemm_4096_4096_8192_f8E4M3FNUZ_f32_tB,643,contraction,sharkmi300x-4,gfx942,4096,4096,8192,64,32,16,8,8,0,0,0,"[0, 1]",LLVMGPUVectorDistribute,"PipelineOptionsSearchSpace(prefetch_shared_memory=[True], no_reduce_shared_memory_bank_conflicts=[None], use_igemm_convolution=[None])",[2],,#iree_gpu.mma_layout<MFMA_F32_32x32x16_F8E4M3FNUZ>,128,256,128,256,1,1,1,4,"['--iree-hal-target-device=hip', '--iree-hip-target=gfx942', '--compile-from=executable-sources']",643,True,"['--input=1', '--benchmark_repetitions=3']",True,hip://2,True,357.5,356.0,269.67,0.9958,624,94,530,204,302.06,,tuning_2025_09_29_16_28/candidates/specs/643_spec.mlir
compute_gemm_4096_4096_8192_f8E4M3FNUZ_f32_tB,644,contraction,sharkmi300x-4,gfx942,4096,4096,8192,64,16,32,8,8,0,0,0,"[0, 1]",LLVMGPUVectorDistribute,"PipelineOptionsSearchSpace(prefetch_shared_memory=[True], no_reduce_shared_memory_bank_conflicts=[None], use_igemm_convolution=[None])",[2],,#iree_gpu.mma_layout<MFMA_F32_16x16x32_F8E4M3FNUZ>,16,64,32,64,1,1,1,1,"['--iree-hal-target-device=hip', '--iree-hip-target=gfx942', '--compile-from=executable-sources']",644,True,"['--input=1', '--benchmark_repetitions=3']",True,hip://6,True,357.33,1856.67,269.67,5.1959,595,752,157,204,302.06,,tuning_2025_09_29_16_28/candidates/specs/644_spec.mlir
compute_gemm_4096_4096_8192_f8E4M3FNUZ_f32_tB,645,contraction,sharkmi300x-4,gfx942,4096,4096,8192,64,32,16,8,8,0,0,0,"[0, 1]",LLVMGPUVectorDistribute,"PipelineOptionsSearchSpace(prefetch_shared_memory=[True], no_reduce_shared_memory_bank_conflicts=[None], use_igemm_convolution=[None])",[2],,#iree_gpu.mma_layout<MFMA_F32_32x32x16_F8E4M3FNUZ>,256,256,128,256,2,1,2,4,"['--iree-hal-target-device=hip', '--iree-hip-target=gfx942', '--compile-from=executable-sources']",645,True,"['--input=1', '--benchmark_repetitions=3']",True,hip://2,True,357.5,916.33,269.67,2.56317,619,588,31,204,302.06,,tuning_2025_09_29_16_28/candidates/specs/645_spec.mlir
compute_gemm_4096_4096_8192_f8E4M3FNUZ_f32_tB,646,contraction,sharkmi300x-4,gfx942,4096,4096,8192,64,16,32,8,8,0,0,0,"[0, 1]",LLVMGPUVectorDistribute,"PipelineOptionsSearchSpace(prefetch_shared_memory=[True], no_reduce_shared_memory_bank_conflicts=[None], use_igemm_convolution=[None])",[2],,#iree_gpu.mma_layout<MFMA_F32_16x16x32_F8E4M3FNUZ>,128,64,32,128,1,1,1,2,"['--iree-hal-target-device=hip', '--iree-hip-target=gfx942', '--compile-from=executable-sources']",646,True,"['--input=1', '--benchmark_repetitions=3']",True,hip://2,True,357.5,803.67,269.67,2.24802,600,536,64,204,302.06,,tuning_2025_09_29_16_28/candidates/specs/646_spec.mlir
compute_gemm_4096_4096_8192_f8E4M3FNUZ_f32_tB,647,contraction,sharkmi300x-4,gfx942,4096,4096,8192,64,32,16,8,8,0,0,0,"[0, 1]",LLVMGPUVectorDistribute,"PipelineOptionsSearchSpace(prefetch_shared_memory=[True], no_reduce_shared_memory_bank_conflicts=[None], use_igemm_convolution=[None])",[2],,#iree_gpu.mma_layout<MFMA_F32_32x32x16_F8E4M3FNUZ>,256,512,64,256,1,1,1,4,"['--iree-hal-target-device=hip', '--iree-hip-target=gfx942', '--compile-from=executable-sources']",647,True,"['--input=1', '--benchmark_repetitions=3']",True,hip://7,True,352.5,9550.0,269.67,27.0922,714,884,170,204,302.06,,tuning_2025_09_29_16_28/candidates/specs/647_spec.mlir
compute_gemm_4096_4096_8192_f8E4M3FNUZ_f32_tB,648,contraction,sharkmi300x-4,gfx942,4096,4096,8192,64,16,32,8,8,0,0,0,"[0, 1]",LLVMGPUVectorDistribute,"PipelineOptionsSearchSpace(prefetch_shared_memory=[True], no_reduce_shared_memory_bank_conflicts=[None], use_igemm_convolution=[None])",[2],,#iree_gpu.mma_layout<MFMA_F32_16x16x32_F8E4M3FNUZ>,32,512,64,64,1,1,1,1,"['--iree-hal-target-device=hip', '--iree-hip-target=gfx942', '--compile-from=executable-sources']",648,True,"['--input=1', '--benchmark_repetitions=3']",True,hip://5,True,360.33,7096.67,269.67,19.69473,656,841,185,204,302.06,,tuning_2025_09_29_16_28/candidates/specs/648_spec.mlir
compute_gemm_4096_4096_8192_f8E4M3FNUZ_f32_tB,649,contraction,sharkmi300x-4,gfx942,4096,4096,8192,64,32,16,8,8,0,0,0,"[0, 1]",LLVMGPUVectorDistribute,"PipelineOptionsSearchSpace(prefetch_shared_memory=[True], no_reduce_shared_memory_bank_conflicts=[None], use_igemm_convolution=[None])",[2],,#iree_gpu.mma_layout<MFMA_F32_32x32x16_F8E4M3FNUZ>,64,512,64,256,1,1,1,4,"['--iree-hal-target-device=hip', '--iree-hip-target=gfx942', '--compile-from=executable-sources']",649,True,"['--input=1', '--benchmark_repetitions=3']",True,hip://7,True,352.5,459.67,269.67,1.30402,621,240,381,204,302.06,,tuning_2025_09_29_16_28/candidates/specs/649_spec.mlir
compute_gemm_4096_4096_8192_f8E4M3FNUZ_f32_tB,650,contraction,sharkmi300x-4,gfx942,4096,4096,8192,64,16,32,8,8,0,0,0,"[0, 1]",LLVMGPUVectorDistribute,"PipelineOptionsSearchSpace(prefetch_shared_memory=[True], no_reduce_shared_memory_bank_conflicts=[None], use_igemm_convolution=[None])",[2],,#iree_gpu.mma_layout<MFMA_F32_16x16x32_F8E4M3FNUZ>,256,16,32,64,4,1,4,1,"['--iree-hal-target-device=hip', '--iree-hip-target=gfx942', '--compile-from=executable-sources']",650,True,"['--input=1', '--benchmark_repetitions=3']",True,hip://7,True,352.5,1530.0,269.67,4.34043,601,716,115,204,302.06,,tuning_2025_09_29_16_28/candidates/specs/650_spec.mlir
compute_gemm_4096_4096_8192_f8E4M3FNUZ_f32_tB,651,contraction,sharkmi300x-4,gfx942,4096,4096,8192,64,16,32,8,8,0,0,0,"[0, 1]",LLVMGPUVectorDistribute,"PipelineOptionsSearchSpace(prefetch_shared_memory=[True], no_reduce_shared_memory_bank_conflicts=[None], use_igemm_convolution=[None])",[2],,#iree_gpu.mma_layout<MFMA_F32_16x16x32_F8E4M3FNUZ>,128,16,32,64,1,1,1,1,"['--iree-hal-target-device=hip', '--iree-hip-target=gfx942', '--compile-from=executable-sources']",651,True,"['--input=1', '--benchmark_repetitions=3']",True,hip://2,True,357.5,1920.0,269.67,5.37063,604,759,155,204,302.06,,tuning_2025_09_29_16_28/candidates/specs/651_spec.mlir
compute_gemm_4096_4096_8192_f8E4M3FNUZ_f32_tB,652,contraction,sharkmi300x-4,gfx942,4096,4096,8192,64,32,16,8,8,0,0,0,"[0, 1]",LLVMGPUVectorDistribute,"PipelineOptionsSearchSpace(prefetch_shared_memory=[True], no_reduce_shared_memory_bank_conflicts=[None], use_igemm_convolution=[None])",[2],,#iree_gpu.mma_layout<MFMA_F32_32x32x16_F8E4M3FNUZ>,512,128,32,64,1,1,1,1,"['--iree-hal-target-device=hip', '--iree-hip-target=gfx942', '--compile-from=executable-sources']",652,True,"['--input=1', '--benchmark_repetitions=3']",True,hip://2,True,357.5,16700.0,269.67,46.71329,837,929,92,204,302.06,,tuning_2025_09_29_16_28/candidates/specs/652_spec.mlir
compute_gemm_4096_4096_8192_f8E4M3FNUZ_f32_tB,653,contraction,sharkmi300x-4,gfx942,4096,4096,8192,64,16,32,8,8,0,0,0,"[0, 1]",LLVMGPUVectorDistribute,"PipelineOptionsSearchSpace(prefetch_shared_memory=[True], no_reduce_shared_memory_bank_conflicts=[None], use_igemm_convolution=[None])",[2],,#iree_gpu.mma_layout<MFMA_F32_16x16x32_F8E4M3FNUZ>,256,64,32,64,8,1,8,1,"['--iree-hal-target-device=hip', '--iree-hip-target=gfx942', '--compile-from=executable-sources']",653,True,"['--input=1', '--benchmark_repetitions=3']",True,hip://6,True,357.33,660.0,269.67,1.84701,603,464,139,204,302.06,,tuning_2025_09_29_16_28/candidates/specs/653_spec.mlir
compute_gemm_4096_4096_8192_f8E4M3FNUZ_f32_tB,654,contraction,sharkmi300x-4,gfx942,4096,4096,8192,64,16,32,8,8,0,0,0,"[0, 1]",LLVMGPUVectorDistribute,"PipelineOptionsSearchSpace(prefetch_shared_memory=[True], no_reduce_shared_memory_bank_conflicts=[None], use_igemm_convolution=[None])",[2],,#iree_gpu.mma_layout<MFMA_F32_16x16x32_F8E4M3FNUZ>,16,128,64,64,1,1,1,1,"['--iree-hal-target-device=hip', '--iree-hip-target=gfx942', '--compile-from=executable-sources']",654,True,"['--input=1', '--benchmark_repetitions=3']",True,hip://6,True,357.33,889.67,269.67,2.48974,606,582,24,204,302.06,,tuning_2025_09_29_16_28/candidates/specs/654_spec.mlir
compute_gemm_4096_4096_8192_f8E4M3FNUZ_f32_tB,655,contraction,sharkmi300x-4,gfx942,4096,4096,8192,64,16,32,8,8,0,0,0,"[0, 1]",LLVMGPUVectorDistribute,"PipelineOptionsSearchSpace(prefetch_shared_memory=[True], no_reduce_shared_memory_bank_conflicts=[None], use_igemm_convolution=[None])",[2],,#iree_gpu.mma_layout<MFMA_F32_16x16x32_F8E4M3FNUZ>,512,64,64,256,2,1,2,4,"['--iree-hal-target-device=hip', '--iree-hip-target=gfx942', '--compile-from=executable-sources']",655,True,"['--input=1', '--benchmark_repetitions=3']",True,hip://6,True,357.33,532.0,269.67,1.48881,614,337,277,204,302.06,,tuning_2025_09_29_16_28/candidates/specs/655_spec.mlir
compute_gemm_4096_4096_8192_f8E4M3FNUZ_f32_tB,656,contraction,sharkmi300x-4,gfx942,4096,4096,8192,64,16,32,8,8,0,0,0,"[0, 1]",LLVMGPUVectorDistribute,"PipelineOptionsSearchSpace(prefetch_shared_memory=[True], no_reduce_shared_memory_bank_conflicts=[None], use_igemm_convolution=[None])",[2],,#iree_gpu.mma_layout<MFMA_F32_16x16x32_F8E4M3FNUZ>,64,16,512,64,2,1,2,1,"['--iree-hal-target-device=hip', '--iree-hip-target=gfx942', '--compile-from=executable-sources']",656,True,"['--input=1', '--benchmark_repetitions=3']",True,hip://5,True,360.33,1030.0,269.67,2.85846,615,634,19,204,302.06,,tuning_2025_09_29_16_28/candidates/specs/656_spec.mlir
compute_gemm_4096_4096_8192_f8E4M3FNUZ_f32_tB,657,contraction,sharkmi300x-4,gfx942,4096,4096,8192,64,32,16,8,8,0,0,0,"[0, 1]",LLVMGPUVectorDistribute,"PipelineOptionsSearchSpace(prefetch_shared_memory=[True], no_reduce_shared_memory_bank_conflicts=[None], use_igemm_convolution=[None])",[2],,#iree_gpu.mma_layout<MFMA_F32_32x32x16_F8E4M3FNUZ>,256,256,128,256,1,1,1,4,"['--iree-hal-target-device=hip', '--iree-hip-target=gfx942', '--compile-from=executable-sources']",657,True,"['--input=1', '--benchmark_repetitions=3']",True,hip://2,True,357.5,847.0,269.67,2.36923,672,557,115,204,302.06,,tuning_2025_09_29_16_28/candidates/specs/657_spec.mlir
compute_gemm_4096_4096_8192_f8E4M3FNUZ_f32_tB,658,contraction,sharkmi300x-4,gfx942,4096,4096,8192,64,32,16,8,8,0,0,0,"[0, 1]",LLVMGPUVectorDistribute,"PipelineOptionsSearchSpace(prefetch_shared_memory=[True], no_reduce_shared_memory_bank_conflicts=[None], use_igemm_convolution=[None])",[2],,#iree_gpu.mma_layout<MFMA_F32_32x32x16_F8E4M3FNUZ>,128,128,256,128,4,1,4,2,"['--iree-hal-target-device=hip', '--iree-hip-target=gfx942', '--compile-from=executable-sources']",658,True,"['--input=1', '--benchmark_repetitions=3']",True,hip://6,True,357.33,1723.33,269.67,4.82276,618,735,117,204,302.06,,tuning_2025_09_29_16_28/candidates/specs/658_spec.mlir
compute_gemm_4096_4096_8192_f8E4M3FNUZ_f32_tB,659,contraction,sharkmi300x-4,gfx942,4096,4096,8192,64,32,16,8,8,0,0,0,"[0, 1]",LLVMGPUVectorDistribute,"PipelineOptionsSearchSpace(prefetch_shared_memory=[True], no_reduce_shared_memory_bank_conflicts=[None], use_igemm_convolution=[None])",[2],,#iree_gpu.mma_layout<MFMA_F32_32x32x16_F8E4M3FNUZ>,128,64,64,64,4,1,4,1,"['--iree-hal-target-device=hip', '--iree-hip-target=gfx942', '--compile-from=executable-sources']",659,True,"['--input=1', '--benchmark_repetitions=3']",True,hip://5,True,360.33,396.67,269.67,1.10083,611,143,468,204,302.06,,tuning_2025_09_29_16_28/candidates/specs/659_spec.mlir
compute_gemm_4096_4096_8192_f8E4M3FNUZ_f32_tB,660,contraction,sharkmi300x-4,gfx942,4096,4096,8192,64,32,16,8,8,0,0,0,"[0, 1]",LLVMGPUVectorDistribute,"PipelineOptionsSearchSpace(prefetch_shared_memory=[True], no_reduce_shared_memory_bank_conflicts=[None], use_igemm_convolution=[None])",[2],,#iree_gpu.mma_layout<MFMA_F32_32x32x16_F8E4M3FNUZ>,256,128,32,256,2,1,2,4,"['--iree-hal-target-device=hip', '--iree-hip-target=gfx942', '--compile-from=executable-sources']",660,True,"['--input=1', '--benchmark_repetitions=3']",True,hip://7,True,352.5,460.33,269.67,1.30591,617,241,376,204,302.06,,tuning_2025_09_29_16_28/candidates/specs/660_spec.mlir
compute_gemm_4096_4096_8192_f8E4M3FNUZ_f32_tB,661,contraction,sharkmi300x-4,gfx942,4096,4096,8192,64,32,16,8,8,0,0,0,"[0, 1]",LLVMGPUVectorDistribute,"PipelineOptionsSearchSpace(prefetch_shared_memory=[True], no_reduce_shared_memory_bank_conflicts=[None], use_igemm_convolution=[None])",[2],,#iree_gpu.mma_layout<MFMA_F32_32x32x16_F8E4M3FNUZ>,32,256,64,128,1,1,1,2,"['--iree-hal-target-device=hip', '--iree-hip-target=gfx942', '--compile-from=executable-sources']",661,True,"['--input=1', '--benchmark_repetitions=3']",True,hip://6,True,357.33,541.33,269.67,1.51493,622,358,264,204,302.06,,tuning_2025_09_29_16_28/candidates/specs/661_spec.mlir
compute_gemm_4096_4096_8192_f8E4M3FNUZ_f32_tB,662,contraction,sharkmi300x-4,gfx942,4096,4096,8192,64,16,32,8,8,0,0,0,"[0, 1]",LLVMGPUVectorDistribute,"PipelineOptionsSearchSpace(prefetch_shared_memory=[True], no_reduce_shared_memory_bank_conflicts=[None], use_igemm_convolution=[None])",[2],,#iree_gpu.mma_layout<MFMA_F32_16x16x32_F8E4M3FNUZ>,64,64,64,64,2,1,2,1,"['--iree-hal-target-device=hip', '--iree-hip-target=gfx942', '--compile-from=executable-sources']",662,True,"['--input=1', '--benchmark_repetitions=3']",True,hip://5,True,360.33,521.33,269.67,1.44681,620,311,309,204,302.06,,tuning_2025_09_29_16_28/candidates/specs/662_spec.mlir
compute_gemm_4096_4096_8192_f8E4M3FNUZ_f32_tB,663,contraction,sharkmi300x-4,gfx942,4096,4096,8192,64,16,32,8,8,0,0,0,"[0, 1]",LLVMGPUVectorDistribute,"PipelineOptionsSearchSpace(prefetch_shared_memory=[True], no_reduce_shared_memory_bank_conflicts=[None], use_igemm_convolution=[None])",[2],,#iree_gpu.mma_layout<MFMA_F32_16x16x32_F8E4M3FNUZ>,128,128,64,128,2,1,2,2,"['--iree-hal-target-device=hip', '--iree-hip-target=gfx942', '--compile-from=executable-sources']",663,True,"['--input=1', '--benchmark_repetitions=3']",True,hip://5,True,360.33,333.33,269.67,0.92507,627,61,566,204,302.06,,tuning_2025_09_29_16_28/candidates/specs/663_spec.mlir
compute_gemm_4096_4096_8192_f8E4M3FNUZ_f32_tB,664,contraction,sharkmi300x-4,gfx942,4096,4096,8192,64,16,32,8,8,0,0,0,"[0, 1]",LLVMGPUVectorDistribute,"PipelineOptionsSearchSpace(prefetch_shared_memory=[True], no_reduce_shared_memory_bank_conflicts=[None], use_igemm_convolution=[None])",[2],,#iree_gpu.mma_layout<MFMA_F32_16x16x32_F8E4M3FNUZ>,64,16,256,64,4,1,4,1,"['--iree-hal-target-device=hip', '--iree-hip-target=gfx942', '--compile-from=executable-sources']",664,True,"['--input=1', '--benchmark_repetitions=3']",True,hip://2,True,357.5,634.0,269.67,1.77343,616,423,193,204,302.06,,tuning_2025_09_29_16_28/candidates/specs/664_spec.mlir
compute_gemm_4096_4096_8192_f8E4M3FNUZ_f32_tB,665,contraction,sharkmi300x-4,gfx942,4096,4096,8192,64,16,32,8,8,0,0,0,"[0, 1]",LLVMGPUVectorDistribute,"PipelineOptionsSearchSpace(prefetch_shared_memory=[True], no_reduce_shared_memory_bank_conflicts=[None], use_igemm_convolution=[None])",[2],,#iree_gpu.mma_layout<MFMA_F32_16x16x32_F8E4M3FNUZ>,256,128,32,256,2,1,2,4,"['--iree-hal-target-device=hip', '--iree-hip-target=gfx942', '--compile-from=executable-sources']",665,True,"['--input=1', '--benchmark_repetitions=3']",True,hip://7,True,352.5,459.0,269.67,1.30213,629,239,390,204,302.06,,tuning_2025_09_29_16_28/candidates/specs/665_spec.mlir
compute_gemm_4096_4096_8192_f8E4M3FNUZ_f32_tB,666,contraction,sharkmi300x-4,gfx942,4096,4096,8192,64,16,32,8,8,0,0,0,"[0, 1]",LLVMGPUVectorDistribute,"PipelineOptionsSearchSpace(prefetch_shared_memory=[True], no_reduce_shared_memory_bank_conflicts=[None], use_igemm_convolution=[None])",[2],,#iree_gpu.mma_layout<MFMA_F32_16x16x32_F8E4M3FNUZ>,256,64,64,64,2,1,2,1,"['--iree-hal-target-device=hip', '--iree-hip-target=gfx942', '--compile-from=executable-sources']",666,True,"['--input=1', '--benchmark_repetitions=3']",True,hip://7,True,352.5,446.33,269.67,1.26619,642,223,419,204,302.06,,tuning_2025_09_29_16_28/candidates/specs/666_spec.mlir
compute_gemm_4096_4096_8192_f8E4M3FNUZ_f32_tB,667,contraction,sharkmi300x-4,gfx942,4096,4096,8192,64,16,32,8,8,0,0,0,"[0, 1]",LLVMGPUVectorDistribute,"PipelineOptionsSearchSpace(prefetch_shared_memory=[True], no_reduce_shared_memory_bank_conflicts=[None], use_igemm_convolution=[None])",[2],,#iree_gpu.mma_layout<MFMA_F32_16x16x32_F8E4M3FNUZ>,256,32,64,64,4,1,4,1,"['--iree-hal-target-device=hip', '--iree-hip-target=gfx942', '--compile-from=executable-sources']",667,True,"['--input=1', '--benchmark_repetitions=3']",True,hip://6,True,357.33,648.0,269.67,1.81343,626,448,178,204,302.06,,tuning_2025_09_29_16_28/candidates/specs/667_spec.mlir
compute_gemm_4096_4096_8192_f8E4M3FNUZ_f32_tB,668,contraction,sharkmi300x-4,gfx942,4096,4096,8192,64,32,16,8,8,0,0,0,"[0, 1]",LLVMGPUVectorDistribute,"PipelineOptionsSearchSpace(prefetch_shared_memory=[True], no_reduce_shared_memory_bank_conflicts=[None], use_igemm_convolution=[None])",[2],,#iree_gpu.mma_layout<MFMA_F32_32x32x16_F8E4M3FNUZ>,256,256,128,128,1,1,1,2,"['--iree-hal-target-device=hip', '--iree-hip-target=gfx942', '--compile-from=executable-sources']",668,True,"['--input=1', '--benchmark_repetitions=3']",True,hip://6,True,357.33,7896.67,269.67,22.09888,755,858,103,204,302.06,,tuning_2025_09_29_16_28/candidates/specs/668_spec.mlir
compute_gemm_4096_4096_8192_f8E4M3FNUZ_f32_tB,669,contraction,sharkmi300x-4,gfx942,4096,4096,8192,64,16,32,8,8,0,0,0,"[0, 1]",LLVMGPUVectorDistribute,"PipelineOptionsSearchSpace(prefetch_shared_memory=[True], no_reduce_shared_memory_bank_conflicts=[None], use_igemm_convolution=[None])",[2],,#iree_gpu.mma_layout<MFMA_F32_16x16x32_F8E4M3FNUZ>,256,64,128,64,4,1,4,1,"['--iree-hal-target-device=hip', '--iree-hip-target=gfx942', '--compile-from=executable-sources']",669,True,"['--input=1', '--benchmark_repetitions=3']",True,hip://2,True,357.5,462.0,269.67,1.29231,635,232,403,204,302.06,,tuning_2025_09_29_16_28/candidates/specs/669_spec.mlir
compute_gemm_4096_4096_8192_f8E4M3FNUZ_f32_tB,670,contraction,sharkmi300x-4,gfx942,4096,4096,8192,64,16,32,8,8,0,0,0,"[0, 1]",LLVMGPUVectorDistribute,"PipelineOptionsSearchSpace(prefetch_shared_memory=[True], no_reduce_shared_memory_bank_conflicts=[None], use_igemm_convolution=[None])",[2],,#iree_gpu.mma_layout<MFMA_F32_16x16x32_F8E4M3FNUZ>,512,256,32,128,1,1,1,2,"['--iree-hal-target-device=hip', '--iree-hip-target=gfx942', '--compile-from=executable-sources']",670,True,"['--input=1', '--benchmark_repetitions=3']",True,hip://7,True,352.5,11133.33,269.67,31.58392,944,896,48,204,302.06,,tuning_2025_09_29_16_28/candidates/specs/670_spec.mlir
compute_gemm_4096_4096_8192_f8E4M3FNUZ_f32_tB,671,contraction,sharkmi300x-4,gfx942,4096,4096,8192,64,32,16,8,8,0,0,0,"[0, 1]",LLVMGPUVectorDistribute,"PipelineOptionsSearchSpace(prefetch_shared_memory=[True], no_reduce_shared_memory_bank_conflicts=[None], use_igemm_convolution=[None])",[2],,#iree_gpu.mma_layout<MFMA_F32_32x32x16_F8E4M3FNUZ>,512,32,32,64,2,1,2,1,"['--iree-hal-target-device=hip', '--iree-hip-target=gfx942', '--compile-from=executable-sources']",671,True,"['--input=1', '--benchmark_repetitions=3']",True,hip://2,True,357.5,1183.33,269.67,3.31002,647,674,27,204,302.06,,tuning_2025_09_29_16_28/candidates/specs/671_spec.mlir
compute_gemm_4096_4096_8192_f8E4M3FNUZ_f32_tB,672,contraction,sharkmi300x-4,gfx942,4096,4096,8192,64,32,16,8,8,0,0,0,"[0, 1]",LLVMGPUVectorDistribute,"PipelineOptionsSearchSpace(prefetch_shared_memory=[True], no_reduce_shared_memory_bank_conflicts=[None], use_igemm_convolution=[None])",[2],,#iree_gpu.mma_layout<MFMA_F32_32x32x16_F8E4M3FNUZ>,64,256,32,128,2,1,2,2,"['--iree-hal-target-device=hip', '--iree-hip-target=gfx942', '--compile-from=executable-sources']",672,True,"['--input=1', '--benchmark_repetitions=3']",True,hip://2,True,357.5,540.67,269.67,1.51235,631,353,278,204,302.06,,tuning_2025_09_29_16_28/candidates/specs/672_spec.mlir
compute_gemm_4096_4096_8192_f8E4M3FNUZ_f32_tB,673,contraction,sharkmi300x-4,gfx942,4096,4096,8192,64,32,16,8,8,0,0,0,"[0, 1]",LLVMGPUVectorDistribute,"PipelineOptionsSearchSpace(prefetch_shared_memory=[True], no_reduce_shared_memory_bank_conflicts=[None], use_igemm_convolution=[None])",[2],,#iree_gpu.mma_layout<MFMA_F32_32x32x16_F8E4M3FNUZ>,64,512,32,512,1,1,1,8,"['--iree-hal-target-device=hip', '--iree-hip-target=gfx942', '--compile-from=executable-sources']",673,True,"['--input=1', '--benchmark_repetitions=3']",True,hip://6,True,357.33,519.0,269.67,1.45243,633,316,317,204,302.06,,tuning_2025_09_29_16_28/candidates/specs/673_spec.mlir
compute_gemm_4096_4096_8192_f8E4M3FNUZ_f32_tB,674,contraction,sharkmi300x-4,gfx942,4096,4096,8192,64,16,32,8,8,0,0,0,"[0, 1]",LLVMGPUVectorDistribute,"PipelineOptionsSearchSpace(prefetch_shared_memory=[True], no_reduce_shared_memory_bank_conflicts=[None], use_igemm_convolution=[None])",[2],,#iree_gpu.mma_layout<MFMA_F32_16x16x32_F8E4M3FNUZ>,128,256,128,128,2,1,2,2,"['--iree-hal-target-device=hip', '--iree-hip-target=gfx942', '--compile-from=executable-sources']",674,True,"['--input=1', '--benchmark_repetitions=3']",True,hip://2,True,357.5,407.67,269.67,1.14033,655,170,485,204,302.06,,tuning_2025_09_29_16_28/candidates/specs/674_spec.mlir
compute_gemm_4096_4096_8192_f8E4M3FNUZ_f32_tB,675,contraction,sharkmi300x-4,gfx942,4096,4096,8192,64,32,16,8,8,0,0,0,"[0, 1]",LLVMGPUVectorDistribute,"PipelineOptionsSearchSpace(prefetch_shared_memory=[True], no_reduce_shared_memory_bank_conflicts=[None], use_igemm_convolution=[None])",[2],,#iree_gpu.mma_layout<MFMA_F32_32x32x16_F8E4M3FNUZ>,128,128,32,64,4,1,4,1,"['--iree-hal-target-device=hip', '--iree-hip-target=gfx942', '--compile-from=executable-sources']",675,True,"['--input=1', '--benchmark_repetitions=3']",True,hip://7,True,352.5,535.33,269.67,1.51868,634,359,275,204,302.06,,tuning_2025_09_29_16_28/candidates/specs/675_spec.mlir
compute_gemm_4096_4096_8192_f8E4M3FNUZ_f32_tB,676,contraction,sharkmi300x-4,gfx942,4096,4096,8192,64,32,16,8,8,0,0,0,"[0, 1]",LLVMGPUVectorDistribute,"PipelineOptionsSearchSpace(prefetch_shared_memory=[True], no_reduce_shared_memory_bank_conflicts=[None], use_igemm_convolution=[None])",[2],,#iree_gpu.mma_layout<MFMA_F32_32x32x16_F8E4M3FNUZ>,512,32,64,64,2,1,2,1,"['--iree-hal-target-device=hip', '--iree-hip-target=gfx942', '--compile-from=executable-sources']",676,True,"['--input=1', '--benchmark_repetitions=3']",True,hip://6,True,357.33,886.67,269.67,2.48134,657,578,79,204,302.06,,tuning_2025_09_29_16_28/candidates/specs/676_spec.mlir
compute_gemm_4096_4096_8192_f8E4M3FNUZ_f32_tB,677,contraction,sharkmi300x-4,gfx942,4096,4096,8192,64,16,32,8,8,0,0,0,"[0, 1]",LLVMGPUVectorDistribute,"PipelineOptionsSearchSpace(prefetch_shared_memory=[True], no_reduce_shared_memory_bank_conflicts=[None], use_igemm_convolution=[None])",[2],,#iree_gpu.mma_layout<MFMA_F32_16x16x32_F8E4M3FNUZ>,512,512,32,128,1,1,1,2,"['--iree-hal-target-device=hip', '--iree-hip-target=gfx942', '--compile-from=executable-sources']",677,False,"['--input=1', '--benchmark_repetitions=3']",False,,False,,,,,,,,,,,tuning_2025_09_29_16_28/candidates/specs/677_spec.mlir
compute_gemm_4096_4096_8192_f8E4M3FNUZ_f32_tB,678,contraction,sharkmi300x-4,gfx942,4096,4096,8192,64,16,32,8,8,0,0,0,"[0, 1]",LLVMGPUVectorDistribute,"PipelineOptionsSearchSpace(prefetch_shared_memory=[True], no_reduce_shared_memory_bank_conflicts=[None], use_igemm_convolution=[None])",[2],,#iree_gpu.mma_layout<MFMA_F32_16x16x32_F8E4M3FNUZ>,16,512,32,128,1,1,1,2,"['--iree-hal-target-device=hip', '--iree-hip-target=gfx942', '--compile-from=executable-sources']",678,True,"['--input=1', '--benchmark_repetitions=3']",True,hip://6,True,357.33,1530.0,269.67,4.28172,641,712,71,204,302.06,,tuning_2025_09_29_16_28/candidates/specs/678_spec.mlir
compute_gemm_4096_4096_8192_f8E4M3FNUZ_f32_tB,679,contraction,sharkmi300x-4,gfx942,4096,4096,8192,64,16,32,8,8,0,0,0,"[0, 1]",LLVMGPUVectorDistribute,"PipelineOptionsSearchSpace(prefetch_shared_memory=[True], no_reduce_shared_memory_bank_conflicts=[None], use_igemm_convolution=[None])",[2],,#iree_gpu.mma_layout<MFMA_F32_16x16x32_F8E4M3FNUZ>,128,256,128,128,4,1,4,2,"['--iree-hal-target-device=hip', '--iree-hip-target=gfx942', '--compile-from=executable-sources']",679,True,"['--input=1', '--benchmark_repetitions=3']",True,hip://7,True,352.5,320.0,269.67,0.9078,646,49,597,204,302.06,,tuning_2025_09_29_16_28/candidates/specs/679_spec.mlir
compute_gemm_4096_4096_8192_f8E4M3FNUZ_f32_tB,680,contraction,sharkmi300x-4,gfx942,4096,4096,8192,64,16,32,8,8,0,0,0,"[0, 1]",LLVMGPUVectorDistribute,"PipelineOptionsSearchSpace(prefetch_shared_memory=[True], no_reduce_shared_memory_bank_conflicts=[None], use_igemm_convolution=[None])",[2],,#iree_gpu.mma_layout<MFMA_F32_16x16x32_F8E4M3FNUZ>,256,128,32,256,1,1,1,4,"['--iree-hal-target-device=hip', '--iree-hip-target=gfx942', '--compile-from=executable-sources']",680,True,"['--input=1', '--benchmark_repetitions=3']",True,hip://7,True,352.5,545.0,269.67,1.5461,651,371,280,204,302.06,,tuning_2025_09_29_16_28/candidates/specs/680_spec.mlir
compute_gemm_4096_4096_8192_f8E4M3FNUZ_f32_tB,681,contraction,sharkmi300x-4,gfx942,4096,4096,8192,64,32,16,8,8,0,0,0,"[0, 1]",LLVMGPUVectorDistribute,"PipelineOptionsSearchSpace(prefetch_shared_memory=[True], no_reduce_shared_memory_bank_conflicts=[None], use_igemm_convolution=[None])",[2],,#iree_gpu.mma_layout<MFMA_F32_32x32x16_F8E4M3FNUZ>,64,512,32,256,2,1,2,4,"['--iree-hal-target-device=hip', '--iree-hip-target=gfx942', '--compile-from=executable-sources']",681,True,"['--input=1', '--benchmark_repetitions=3']",True,hip://2,True,357.5,517.33,269.67,1.44709,640,312,328,204,302.06,,tuning_2025_09_29_16_28/candidates/specs/681_spec.mlir
compute_gemm_4096_4096_8192_f8E4M3FNUZ_f32_tB,682,contraction,sharkmi300x-4,gfx942,4096,4096,8192,64,32,16,8,8,0,0,0,"[0, 1]",LLVMGPUVectorDistribute,"PipelineOptionsSearchSpace(prefetch_shared_memory=[True], no_reduce_shared_memory_bank_conflicts=[None], use_igemm_convolution=[None])",[2],,#iree_gpu.mma_layout<MFMA_F32_32x32x16_F8E4M3FNUZ>,256,512,32,64,4,1,4,1,"['--iree-hal-target-device=hip', '--iree-hip-target=gfx942', '--compile-from=executable-sources']",682,True,"['--input=1', '--benchmark_repetitions=3']",True,hip://7,True,352.5,7286.67,269.67,20.67139,718,848,130,204,302.06,,tuning_2025_09_29_16_28/candidates/specs/682_spec.mlir
compute_gemm_4096_4096_8192_f8E4M3FNUZ_f32_tB,683,contraction,sharkmi300x-4,gfx942,4096,4096,8192,64,16,32,8,8,0,0,0,"[0, 1]",LLVMGPUVectorDistribute,"PipelineOptionsSearchSpace(prefetch_shared_memory=[True], no_reduce_shared_memory_bank_conflicts=[None], use_igemm_convolution=[None])",[2],,#iree_gpu.mma_layout<MFMA_F32_16x16x32_F8E4M3FNUZ>,256,32,64,128,2,1,2,2,"['--iree-hal-target-device=hip', '--iree-hip-target=gfx942', '--compile-from=executable-sources']",683,True,"['--input=1', '--benchmark_repetitions=3']",True,hip://5,True,360.33,628.67,269.67,1.74468,639,418,221,204,302.06,,tuning_2025_09_29_16_28/candidates/specs/683_spec.mlir
compute_gemm_4096_4096_8192_f8E4M3FNUZ_f32_tB,684,contraction,sharkmi300x-4,gfx942,4096,4096,8192,64,32,16,8,8,0,0,0,"[0, 1]",LLVMGPUVectorDistribute,"PipelineOptionsSearchSpace(prefetch_shared_memory=[True], no_reduce_shared_memory_bank_conflicts=[None], use_igemm_convolution=[None])",[2],,#iree_gpu.mma_layout<MFMA_F32_32x32x16_F8E4M3FNUZ>,64,256,128,256,1,1,1,4,"['--iree-hal-target-device=hip', '--iree-hip-target=gfx942', '--compile-from=executable-sources']",684,True,"['--input=1', '--benchmark_repetitions=3']",True,hip://5,True,360.33,431.33,269.67,1.19704,648,202,446,204,302.06,,tuning_2025_09_29_16_28/candidates/specs/684_spec.mlir
compute_gemm_4096_4096_8192_f8E4M3FNUZ_f32_tB,685,contraction,sharkmi300x-4,gfx942,4096,4096,8192,64,32,16,8,8,0,0,0,"[0, 1]",LLVMGPUVectorDistribute,"PipelineOptionsSearchSpace(prefetch_shared_memory=[True], no_reduce_shared_memory_bank_conflicts=[None], use_igemm_convolution=[None])",[2],,#iree_gpu.mma_layout<MFMA_F32_32x32x16_F8E4M3FNUZ>,512,256,64,64,4,1,4,1,"['--iree-hal-target-device=hip', '--iree-hip-target=gfx942', '--compile-from=executable-sources']",685,True,"['--input=1', '--benchmark_repetitions=3']",True,hip://7,True,352.5,9066.67,269.67,25.72104,746,878,132,204,302.06,,tuning_2025_09_29_16_28/candidates/specs/685_spec.mlir
compute_gemm_4096_4096_8192_f8E4M3FNUZ_f32_tB,686,contraction,sharkmi300x-4,gfx942,4096,4096,8192,64,16,32,8,8,0,0,0,"[0, 1]",LLVMGPUVectorDistribute,"PipelineOptionsSearchSpace(prefetch_shared_memory=[True], no_reduce_shared_memory_bank_conflicts=[None], use_igemm_convolution=[None])",[2],,#iree_gpu.mma_layout<MFMA_F32_16x16x32_F8E4M3FNUZ>,512,256,32,128,2,1,2,2,"['--iree-hal-target-device=hip', '--iree-hip-target=gfx942', '--compile-from=executable-sources']",686,True,"['--input=1', '--benchmark_repetitions=3']",True,hip://2,True,357.5,8036.67,269.67,22.48019,724,861,137,204,302.06,,tuning_2025_09_29_16_28/candidates/specs/686_spec.mlir
compute_gemm_4096_4096_8192_f8E4M3FNUZ_f32_tB,687,contraction,sharkmi300x-4,gfx942,4096,4096,8192,64,32,16,8,8,0,0,0,"[0, 1]",LLVMGPUVectorDistribute,"PipelineOptionsSearchSpace(prefetch_shared_memory=[True], no_reduce_shared_memory_bank_conflicts=[None], use_igemm_convolution=[None])",[2],,#iree_gpu.mma_layout<MFMA_F32_32x32x16_F8E4M3FNUZ>,512,64,32,128,1,1,1,2,"['--iree-hal-target-device=hip', '--iree-hip-target=gfx942', '--compile-from=executable-sources']",687,True,"['--input=1', '--benchmark_repetitions=3']",True,hip://2,True,357.5,936.0,269.67,2.61818,683,594,89,204,302.06,,tuning_2025_09_29_16_28/candidates/specs/687_spec.mlir
compute_gemm_4096_4096_8192_f8E4M3FNUZ_f32_tB,688,contraction,sharkmi300x-4,gfx942,4096,4096,8192,64,16,32,8,8,0,0,0,"[0, 1]",LLVMGPUVectorDistribute,"PipelineOptionsSearchSpace(prefetch_shared_memory=[True], no_reduce_shared_memory_bank_conflicts=[None], use_igemm_convolution=[None])",[2],,#iree_gpu.mma_layout<MFMA_F32_16x16x32_F8E4M3FNUZ>,128,64,128,64,4,1,4,1,"['--iree-hal-target-device=hip', '--iree-hip-target=gfx942', '--compile-from=executable-sources']",688,True,"['--input=1', '--benchmark_repetitions=3']",True,hip://5,True,360.33,318.0,269.67,0.88252,643,30,613,204,302.06,,tuning_2025_09_29_16_28/candidates/specs/688_spec.mlir
compute_gemm_4096_4096_8192_f8E4M3FNUZ_f32_tB,689,contraction,sharkmi300x-4,gfx942,4096,4096,8192,64,16,32,8,8,0,0,0,"[0, 1]",LLVMGPUVectorDistribute,"PipelineOptionsSearchSpace(prefetch_shared_memory=[True], no_reduce_shared_memory_bank_conflicts=[None], use_igemm_convolution=[None])",[2],,#iree_gpu.mma_layout<MFMA_F32_16x16x32_F8E4M3FNUZ>,256,32,128,64,2,1,2,1,"['--iree-hal-target-device=hip', '--iree-hip-target=gfx942', '--compile-from=executable-sources']",689,True,"['--input=1', '--benchmark_repetitions=3']",True,hip://6,True,357.33,741.67,269.67,2.07556,653,515,138,204,302.06,,tuning_2025_09_29_16_28/candidates/specs/689_spec.mlir
compute_gemm_4096_4096_8192_f8E4M3FNUZ_f32_tB,690,contraction,sharkmi300x-4,gfx942,4096,4096,8192,64,32,16,8,8,0,0,0,"[0, 1]",LLVMGPUVectorDistribute,"PipelineOptionsSearchSpace(prefetch_shared_memory=[True], no_reduce_shared_memory_bank_conflicts=[None], use_igemm_convolution=[None])",[2],,#iree_gpu.mma_layout<MFMA_F32_32x32x16_F8E4M3FNUZ>,256,512,32,512,1,1,1,8,"['--iree-hal-target-device=hip', '--iree-hip-target=gfx942', '--compile-from=executable-sources']",690,True,"['--input=1', '--benchmark_repetitions=3']",True,hip://2,True,357.5,2316.67,269.67,6.48019,676,779,103,204,302.06,,tuning_2025_09_29_16_28/candidates/specs/690_spec.mlir
compute_gemm_4096_4096_8192_f8E4M3FNUZ_f32_tB,691,contraction,sharkmi300x-4,gfx942,4096,4096,8192,64,32,16,8,8,0,0,0,"[0, 1]",LLVMGPUVectorDistribute,"PipelineOptionsSearchSpace(prefetch_shared_memory=[True], no_reduce_shared_memory_bank_conflicts=[None], use_igemm_convolution=[None])",[2],,#iree_gpu.mma_layout<MFMA_F32_32x32x16_F8E4M3FNUZ>,32,512,32,512,1,1,1,8,"['--iree-hal-target-device=hip', '--iree-hip-target=gfx942', '--compile-from=executable-sources']",691,True,"['--input=1', '--benchmark_repetitions=3']",True,hip://2,True,357.5,861.33,269.67,2.40932,644,564,80,204,302.06,,tuning_2025_09_29_16_28/candidates/specs/691_spec.mlir
compute_gemm_4096_4096_8192_f8E4M3FNUZ_f32_tB,692,contraction,sharkmi300x-4,gfx942,4096,4096,8192,64,16,32,8,8,0,0,0,"[0, 1]",LLVMGPUVectorDistribute,"PipelineOptionsSearchSpace(prefetch_shared_memory=[True], no_reduce_shared_memory_bank_conflicts=[None], use_igemm_convolution=[None])",[2],,#iree_gpu.mma_layout<MFMA_F32_16x16x32_F8E4M3FNUZ>,128,256,32,128,4,1,4,2,"['--iree-hal-target-device=hip', '--iree-hip-target=gfx942', '--compile-from=executable-sources']",692,True,"['--input=1', '--benchmark_repetitions=3']",True,hip://2,True,357.5,399.67,269.67,1.11795,650,160,490,204,302.06,,tuning_2025_09_29_16_28/candidates/specs/692_spec.mlir
compute_gemm_4096_4096_8192_f8E4M3FNUZ_f32_tB,693,contraction,sharkmi300x-4,gfx942,4096,4096,8192,64,16,32,8,8,0,0,0,"[0, 1]",LLVMGPUVectorDistribute,"PipelineOptionsSearchSpace(prefetch_shared_memory=[True], no_reduce_shared_memory_bank_conflicts=[None], use_igemm_convolution=[None])",[2],,#iree_gpu.mma_layout<MFMA_F32_16x16x32_F8E4M3FNUZ>,32,128,64,128,2,1,2,2,"['--iree-hal-target-device=hip', '--iree-hip-target=gfx942', '--compile-from=executable-sources']",693,True,"['--input=1', '--benchmark_repetitions=3']",True,hip://6,True,357.33,589.0,269.67,1.64832,645,397,248,204,302.06,,tuning_2025_09_29_16_28/candidates/specs/693_spec.mlir
compute_gemm_4096_4096_8192_f8E4M3FNUZ_f32_tB,694,contraction,sharkmi300x-4,gfx942,4096,4096,8192,64,32,16,8,8,0,0,0,"[0, 1]",LLVMGPUVectorDistribute,"PipelineOptionsSearchSpace(prefetch_shared_memory=[True], no_reduce_shared_memory_bank_conflicts=[None], use_igemm_convolution=[None])",[2],,#iree_gpu.mma_layout<MFMA_F32_32x32x16_F8E4M3FNUZ>,64,128,32,64,1,1,1,1,"['--iree-hal-target-device=hip', '--iree-hip-target=gfx942', '--compile-from=executable-sources']",694,True,"['--input=1', '--benchmark_repetitions=3']",True,hip://6,True,357.33,651.0,269.67,1.82183,661,451,210,204,302.06,,tuning_2025_09_29_16_28/candidates/specs/694_spec.mlir
compute_gemm_4096_4096_8192_f8E4M3FNUZ_f32_tB,695,contraction,sharkmi300x-4,gfx942,4096,4096,8192,64,32,16,8,8,0,0,0,"[0, 1]",LLVMGPUVectorDistribute,"PipelineOptionsSearchSpace(prefetch_shared_memory=[True], no_reduce_shared_memory_bank_conflicts=[None], use_igemm_convolution=[None])",[2],,#iree_gpu.mma_layout<MFMA_F32_32x32x16_F8E4M3FNUZ>,32,64,512,64,1,1,1,1,"['--iree-hal-target-device=hip', '--iree-hip-target=gfx942', '--compile-from=executable-sources']",695,True,"['--input=1', '--benchmark_repetitions=3']",True,hip://5,True,360.33,1110.0,269.67,3.08048,671,660,11,204,302.06,,tuning_2025_09_29_16_28/candidates/specs/695_spec.mlir
compute_gemm_4096_4096_8192_f8E4M3FNUZ_f32_tB,696,contraction,sharkmi300x-4,gfx942,4096,4096,8192,64,32,16,8,8,0,0,0,"[0, 1]",LLVMGPUVectorDistribute,"PipelineOptionsSearchSpace(prefetch_shared_memory=[True], no_reduce_shared_memory_bank_conflicts=[None], use_igemm_convolution=[None])",[2],,#iree_gpu.mma_layout<MFMA_F32_32x32x16_F8E4M3FNUZ>,256,512,64,64,2,1,2,1,"['--iree-hal-target-device=hip', '--iree-hip-target=gfx942', '--compile-from=executable-sources']",696,True,"['--input=1', '--benchmark_repetitions=3']",True,hip://2,True,357.5,18200.0,269.67,50.90909,904,937,33,204,302.06,,tuning_2025_09_29_16_28/candidates/specs/696_spec.mlir
compute_gemm_4096_4096_8192_f8E4M3FNUZ_f32_tB,697,contraction,sharkmi300x-4,gfx942,4096,4096,8192,64,16,32,8,8,0,0,0,"[0, 1]",LLVMGPUVectorDistribute,"PipelineOptionsSearchSpace(prefetch_shared_memory=[True], no_reduce_shared_memory_bank_conflicts=[None], use_igemm_convolution=[None])",[2],,#iree_gpu.mma_layout<MFMA_F32_16x16x32_F8E4M3FNUZ>,64,256,128,128,2,1,2,2,"['--iree-hal-target-device=hip', '--iree-hip-target=gfx942', '--compile-from=executable-sources']",697,True,"['--input=1', '--benchmark_repetitions=3']",True,hip://5,True,360.33,490.67,269.67,1.3617,663,266,397,204,302.06,,tuning_2025_09_29_16_28/candidates/specs/697_spec.mlir
compute_gemm_4096_4096_8192_f8E4M3FNUZ_f32_tB,698,contraction,sharkmi300x-4,gfx942,4096,4096,8192,64,32,16,8,8,0,0,0,"[0, 1]",LLVMGPUVectorDistribute,"PipelineOptionsSearchSpace(prefetch_shared_memory=[True], no_reduce_shared_memory_bank_conflicts=[None], use_igemm_convolution=[None])",[2],,#iree_gpu.mma_layout<MFMA_F32_32x32x16_F8E4M3FNUZ>,128,128,32,128,4,1,4,2,"['--iree-hal-target-device=hip', '--iree-hip-target=gfx942', '--compile-from=executable-sources']",698,True,"['--input=1', '--benchmark_repetitions=3']",True,hip://5,True,360.33,519.33,269.67,1.44126,652,307,345,204,302.06,,tuning_2025_09_29_16_28/candidates/specs/698_spec.mlir
compute_gemm_4096_4096_8192_f8E4M3FNUZ_f32_tB,699,contraction,sharkmi300x-4,gfx942,4096,4096,8192,64,16,32,8,8,0,0,0,"[0, 1]",LLVMGPUVectorDistribute,"PipelineOptionsSearchSpace(prefetch_shared_memory=[True], no_reduce_shared_memory_bank_conflicts=[None], use_igemm_convolution=[None])",[2],,#iree_gpu.mma_layout<MFMA_F32_16x16x32_F8E4M3FNUZ>,512,128,64,64,1,1,1,1,"['--iree-hal-target-device=hip', '--iree-hip-target=gfx942', '--compile-from=executable-sources']",699,True,"['--input=1', '--benchmark_repetitions=3']",True,hip://6,True,357.33,6293.33,269.67,17.61194,943,833,110,204,302.06,,tuning_2025_09_29_16_28/candidates/specs/699_spec.mlir
compute_gemm_4096_4096_8192_f8E4M3FNUZ_f32_tB,700,contraction,sharkmi300x-4,gfx942,4096,4096,8192,64,32,16,8,8,0,0,0,"[0, 1]",LLVMGPUVectorDistribute,"PipelineOptionsSearchSpace(prefetch_shared_memory=[True], no_reduce_shared_memory_bank_conflicts=[None], use_igemm_convolution=[None])",[2],,#iree_gpu.mma_layout<MFMA_F32_32x32x16_F8E4M3FNUZ>,256,32,64,64,8,1,8,1,"['--iree-hal-target-device=hip', '--iree-hip-target=gfx942', '--compile-from=executable-sources']",700,True,"['--input=1', '--benchmark_repetitions=3']",True,hip://7,True,352.5,556.0,269.67,1.5773,654,378,276,204,302.06,,tuning_2025_09_29_16_28/candidates/specs/700_spec.mlir
compute_gemm_4096_4096_8192_f8E4M3FNUZ_f32_tB,701,contraction,sharkmi300x-4,gfx942,4096,4096,8192,64,16,32,8,8,0,0,0,"[0, 1]",LLVMGPUVectorDistribute,"PipelineOptionsSearchSpace(prefetch_shared_memory=[True], no_reduce_shared_memory_bank_conflicts=[None], use_igemm_convolution=[None])",[2],,#iree_gpu.mma_layout<MFMA_F32_16x16x32_F8E4M3FNUZ>,64,64,256,64,2,1,2,1,"['--iree-hal-target-device=hip', '--iree-hip-target=gfx942', '--compile-from=executable-sources']",701,True,"['--input=1', '--benchmark_repetitions=3']",True,hip://7,True,352.5,563.0,269.67,1.59716,666,384,282,204,302.06,,tuning_2025_09_29_16_28/candidates/specs/701_spec.mlir
compute_gemm_4096_4096_8192_f8E4M3FNUZ_f32_tB,702,contraction,sharkmi300x-4,gfx942,4096,4096,8192,64,16,32,8,8,0,0,0,"[0, 1]",LLVMGPUVectorDistribute,"PipelineOptionsSearchSpace(prefetch_shared_memory=[True], no_reduce_shared_memory_bank_conflicts=[None], use_igemm_convolution=[None])",[2],,#iree_gpu.mma_layout<MFMA_F32_16x16x32_F8E4M3FNUZ>,32,128,128,64,2,1,2,1,"['--iree-hal-target-device=hip', '--iree-hip-target=gfx942', '--compile-from=executable-sources']",702,True,"['--input=1', '--benchmark_repetitions=3']",True,hip://2,True,357.5,458.0,269.67,1.28112,660,227,433,204,302.06,,tuning_2025_09_29_16_28/candidates/specs/702_spec.mlir
compute_gemm_4096_4096_8192_f8E4M3FNUZ_f32_tB,703,contraction,sharkmi300x-4,gfx942,4096,4096,8192,64,16,32,8,8,0,0,0,"[0, 1]",LLVMGPUVectorDistribute,"PipelineOptionsSearchSpace(prefetch_shared_memory=[True], no_reduce_shared_memory_bank_conflicts=[None], use_igemm_convolution=[None])",[2],,#iree_gpu.mma_layout<MFMA_F32_16x16x32_F8E4M3FNUZ>,512,32,32,64,2,1,2,1,"['--iree-hal-target-device=hip', '--iree-hip-target=gfx942', '--compile-from=executable-sources']",703,True,"['--input=1', '--benchmark_repetitions=3']",True,hip://6,True,357.33,1180.0,269.67,3.30224,673,673,0,204,302.06,,tuning_2025_09_29_16_28/candidates/specs/703_spec.mlir
compute_gemm_4096_4096_8192_f8E4M3FNUZ_f32_tB,704,contraction,sharkmi300x-4,gfx942,4096,4096,8192,64,16,32,8,8,0,0,0,"[0, 1]",LLVMGPUVectorDistribute,"PipelineOptionsSearchSpace(prefetch_shared_memory=[True], no_reduce_shared_memory_bank_conflicts=[None], use_igemm_convolution=[None])",[2],,#iree_gpu.mma_layout<MFMA_F32_16x16x32_F8E4M3FNUZ>,128,64,128,128,2,1,2,2,"['--iree-hal-target-device=hip', '--iree-hip-target=gfx942', '--compile-from=executable-sources']",704,True,"['--input=1', '--benchmark_repetitions=3']",True,hip://5,True,360.33,304.67,269.67,0.84551,659,15,644,204,302.06,,tuning_2025_09_29_16_28/candidates/specs/704_spec.mlir
compute_gemm_4096_4096_8192_f8E4M3FNUZ_f32_tB,705,contraction,sharkmi300x-4,gfx942,4096,4096,8192,64,16,32,8,8,0,0,0,"[0, 1]",LLVMGPUVectorDistribute,"PipelineOptionsSearchSpace(prefetch_shared_memory=[True], no_reduce_shared_memory_bank_conflicts=[None], use_igemm_convolution=[None])",[2],,#iree_gpu.mma_layout<MFMA_F32_16x16x32_F8E4M3FNUZ>,256,512,32,128,1,1,1,2,"['--iree-hal-target-device=hip', '--iree-hip-target=gfx942', '--compile-from=executable-sources']",705,True,"['--input=1', '--benchmark_repetitions=3']",True,hip://5,True,360.33,12600.0,269.67,34.96762,946,908,38,204,302.06,,tuning_2025_09_29_16_28/candidates/specs/705_spec.mlir
compute_gemm_4096_4096_8192_f8E4M3FNUZ_f32_tB,706,contraction,sharkmi300x-4,gfx942,4096,4096,8192,64,32,16,8,8,0,0,0,"[0, 1]",LLVMGPUVectorDistribute,"PipelineOptionsSearchSpace(prefetch_shared_memory=[True], no_reduce_shared_memory_bank_conflicts=[None], use_igemm_convolution=[None])",[2],,#iree_gpu.mma_layout<MFMA_F32_32x32x16_F8E4M3FNUZ>,128,64,128,128,1,1,1,2,"['--iree-hal-target-device=hip', '--iree-hip-target=gfx942', '--compile-from=executable-sources']",706,True,"['--input=1', '--benchmark_repetitions=3']",True,hip://7,True,352.5,350.0,269.67,0.99291,670,92,578,204,302.06,,tuning_2025_09_29_16_28/candidates/specs/706_spec.mlir
compute_gemm_4096_4096_8192_f8E4M3FNUZ_f32_tB,707,contraction,sharkmi300x-4,gfx942,4096,4096,8192,64,32,16,8,8,0,0,0,"[0, 1]",LLVMGPUVectorDistribute,"PipelineOptionsSearchSpace(prefetch_shared_memory=[True], no_reduce_shared_memory_bank_conflicts=[None], use_igemm_convolution=[None])",[2],,#iree_gpu.mma_layout<MFMA_F32_32x32x16_F8E4M3FNUZ>,256,128,64,64,8,1,8,1,"['--iree-hal-target-device=hip', '--iree-hip-target=gfx942', '--compile-from=executable-sources']",707,True,"['--input=1', '--benchmark_repetitions=3']",True,hip://2,True,357.5,310.0,269.67,0.86713,668,23,645,204,302.06,,tuning_2025_09_29_16_28/candidates/specs/707_spec.mlir
compute_gemm_4096_4096_8192_f8E4M3FNUZ_f32_tB,708,contraction,sharkmi300x-4,gfx942,4096,4096,8192,64,16,32,8,8,0,0,0,"[0, 1]",LLVMGPUVectorDistribute,"PipelineOptionsSearchSpace(prefetch_shared_memory=[True], no_reduce_shared_memory_bank_conflicts=[None], use_igemm_convolution=[None])",[2],,#iree_gpu.mma_layout<MFMA_F32_16x16x32_F8E4M3FNUZ>,128,32,128,64,2,1,2,1,"['--iree-hal-target-device=hip', '--iree-hip-target=gfx942', '--compile-from=executable-sources']",708,True,"['--input=1', '--benchmark_repetitions=3']",True,hip://5,True,360.33,472.67,269.67,1.31175,667,243,424,204,302.06,,tuning_2025_09_29_16_28/candidates/specs/708_spec.mlir
compute_gemm_4096_4096_8192_f8E4M3FNUZ_f32_tB,709,contraction,sharkmi300x-4,gfx942,4096,4096,8192,64,16,32,8,8,0,0,0,"[0, 1]",LLVMGPUVectorDistribute,"PipelineOptionsSearchSpace(prefetch_shared_memory=[True], no_reduce_shared_memory_bank_conflicts=[None], use_igemm_convolution=[None])",[2],,#iree_gpu.mma_layout<MFMA_F32_16x16x32_F8E4M3FNUZ>,16,128,256,64,1,1,1,1,"['--iree-hal-target-device=hip', '--iree-hip-target=gfx942', '--compile-from=executable-sources']",709,True,"['--input=1', '--benchmark_repetitions=3']",True,hip://6,True,357.33,1413.33,269.67,3.95522,677,692,15,204,302.06,,tuning_2025_09_29_16_28/candidates/specs/709_spec.mlir
compute_gemm_4096_4096_8192_f8E4M3FNUZ_f32_tB,710,contraction,sharkmi300x-4,gfx942,4096,4096,8192,64,16,32,8,8,0,0,0,"[0, 1]",LLVMGPUVectorDistribute,"PipelineOptionsSearchSpace(prefetch_shared_memory=[True], no_reduce_shared_memory_bank_conflicts=[None], use_igemm_convolution=[None])",[2],,#iree_gpu.mma_layout<MFMA_F32_16x16x32_F8E4M3FNUZ>,64,64,32,64,4,1,4,1,"['--iree-hal-target-device=hip', '--iree-hip-target=gfx942', '--compile-from=executable-sources']",710,True,"['--input=1', '--benchmark_repetitions=3']",True,hip://7,True,352.5,735.33,269.67,2.08605,658,519,139,204,302.06,,tuning_2025_09_29_16_28/candidates/specs/710_spec.mlir
compute_gemm_4096_4096_8192_f8E4M3FNUZ_f32_tB,711,contraction,sharkmi300x-4,gfx942,4096,4096,8192,64,16,32,8,8,0,0,0,"[0, 1]",LLVMGPUVectorDistribute,"PipelineOptionsSearchSpace(prefetch_shared_memory=[True], no_reduce_shared_memory_bank_conflicts=[None], use_igemm_convolution=[None])",[2],,#iree_gpu.mma_layout<MFMA_F32_16x16x32_F8E4M3FNUZ>,128,64,128,128,4,1,4,2,"['--iree-hal-target-device=hip', '--iree-hip-target=gfx942', '--compile-from=executable-sources']",711,True,"['--input=1', '--benchmark_repetitions=3']",True,hip://7,True,352.5,318.33,269.67,0.90307,662,46,616,204,302.06,,tuning_2025_09_29_16_28/candidates/specs/711_spec.mlir
compute_gemm_4096_4096_8192_f8E4M3FNUZ_f32_tB,712,contraction,sharkmi300x-4,gfx942,4096,4096,8192,64,32,16,8,8,0,0,0,"[0, 1]",LLVMGPUVectorDistribute,"PipelineOptionsSearchSpace(prefetch_shared_memory=[True], no_reduce_shared_memory_bank_conflicts=[None], use_igemm_convolution=[None])",[2],,#iree_gpu.mma_layout<MFMA_F32_32x32x16_F8E4M3FNUZ>,128,512,64,256,2,1,2,4,"['--iree-hal-target-device=hip', '--iree-hip-target=gfx942', '--compile-from=executable-sources']",712,True,"['--input=1', '--benchmark_repetitions=3']",True,hip://5,True,360.33,322.33,269.67,0.89454,675,39,636,204,302.06,,tuning_2025_09_29_16_28/candidates/specs/712_spec.mlir
compute_gemm_4096_4096_8192_f8E4M3FNUZ_f32_tB,713,contraction,sharkmi300x-4,gfx942,4096,4096,8192,64,16,32,8,8,0,0,0,"[0, 1]",LLVMGPUVectorDistribute,"PipelineOptionsSearchSpace(prefetch_shared_memory=[True], no_reduce_shared_memory_bank_conflicts=[None], use_igemm_convolution=[None])",[2],,#iree_gpu.mma_layout<MFMA_F32_16x16x32_F8E4M3FNUZ>,32,128,128,128,1,1,1,2,"['--iree-hal-target-device=hip', '--iree-hip-target=gfx942', '--compile-from=executable-sources']",713,True,"['--input=1', '--benchmark_repetitions=3']",True,hip://6,True,357.33,439.0,269.67,1.22854,669,211,458,204,302.06,,tuning_2025_09_29_16_28/candidates/specs/713_spec.mlir
compute_gemm_4096_4096_8192_f8E4M3FNUZ_f32_tB,714,contraction,sharkmi300x-4,gfx942,4096,4096,8192,64,32,16,8,8,0,0,0,"[0, 1]",LLVMGPUVectorDistribute,"PipelineOptionsSearchSpace(prefetch_shared_memory=[True], no_reduce_shared_memory_bank_conflicts=[None], use_igemm_convolution=[None])",[2],,#iree_gpu.mma_layout<MFMA_F32_32x32x16_F8E4M3FNUZ>,256,256,128,64,8,1,8,1,"['--iree-hal-target-device=hip', '--iree-hip-target=gfx942', '--compile-from=executable-sources']",714,True,"['--input=1', '--benchmark_repetitions=3']",True,hip://5,True,360.33,1290.0,269.67,3.58002,688,686,2,204,302.06,,tuning_2025_09_29_16_28/candidates/specs/714_spec.mlir
compute_gemm_4096_4096_8192_f8E4M3FNUZ_f32_tB,715,contraction,sharkmi300x-4,gfx942,4096,4096,8192,64,32,16,8,8,0,0,0,"[0, 1]",LLVMGPUVectorDistribute,"PipelineOptionsSearchSpace(prefetch_shared_memory=[True], no_reduce_shared_memory_bank_conflicts=[None], use_igemm_convolution=[None])",[2],,#iree_gpu.mma_layout<MFMA_F32_32x32x16_F8E4M3FNUZ>,128,64,256,64,2,1,2,1,"['--iree-hal-target-device=hip', '--iree-hip-target=gfx942', '--compile-from=executable-sources']",715,True,"['--input=1', '--benchmark_repetitions=3']",True,hip://5,True,360.33,490.67,269.67,1.3617,684,267,417,204,302.06,,tuning_2025_09_29_16_28/candidates/specs/715_spec.mlir
compute_gemm_4096_4096_8192_f8E4M3FNUZ_f32_tB,716,contraction,sharkmi300x-4,gfx942,4096,4096,8192,64,32,16,8,8,0,0,0,"[0, 1]",LLVMGPUVectorDistribute,"PipelineOptionsSearchSpace(prefetch_shared_memory=[True], no_reduce_shared_memory_bank_conflicts=[None], use_igemm_convolution=[None])",[2],,#iree_gpu.mma_layout<MFMA_F32_32x32x16_F8E4M3FNUZ>,512,256,64,256,2,1,2,4,"['--iree-hal-target-device=hip', '--iree-hip-target=gfx942', '--compile-from=executable-sources']",716,True,"['--input=1', '--benchmark_repetitions=3']",True,hip://5,True,360.33,4390.0,269.67,12.18316,707,816,109,204,302.06,,tuning_2025_09_29_16_28/candidates/specs/716_spec.mlir
compute_gemm_4096_4096_8192_f8E4M3FNUZ_f32_tB,717,contraction,sharkmi300x-4,gfx942,4096,4096,8192,64,32,16,8,8,0,0,0,"[0, 1]",LLVMGPUVectorDistribute,"PipelineOptionsSearchSpace(prefetch_shared_memory=[True], no_reduce_shared_memory_bank_conflicts=[None], use_igemm_convolution=[None])",[2],,#iree_gpu.mma_layout<MFMA_F32_32x32x16_F8E4M3FNUZ>,128,512,64,64,2,1,2,1,"['--iree-hal-target-device=hip', '--iree-hip-target=gfx942', '--compile-from=executable-sources']",717,True,"['--input=1', '--benchmark_repetitions=3']",True,hip://7,True,352.5,11666.67,269.67,33.09693,774,902,128,204,302.06,,tuning_2025_09_29_16_28/candidates/specs/717_spec.mlir
compute_gemm_4096_4096_8192_f8E4M3FNUZ_f32_tB,718,contraction,sharkmi300x-4,gfx942,4096,4096,8192,64,32,16,8,8,0,0,0,"[0, 1]",LLVMGPUVectorDistribute,"PipelineOptionsSearchSpace(prefetch_shared_memory=[True], no_reduce_shared_memory_bank_conflicts=[None], use_igemm_convolution=[None])",[2],,#iree_gpu.mma_layout<MFMA_F32_32x32x16_F8E4M3FNUZ>,128,32,256,64,2,1,2,1,"['--iree-hal-target-device=hip', '--iree-hip-target=gfx942', '--compile-from=executable-sources']",718,True,"['--input=1', '--benchmark_repetitions=3']",True,hip://7,True,352.5,692.0,269.67,1.96312,678,487,191,204,302.06,,tuning_2025_09_29_16_28/candidates/specs/718_spec.mlir
compute_gemm_4096_4096_8192_f8E4M3FNUZ_f32_tB,719,contraction,sharkmi300x-4,gfx942,4096,4096,8192,64,16,32,8,8,0,0,0,"[0, 1]",LLVMGPUVectorDistribute,"PipelineOptionsSearchSpace(prefetch_shared_memory=[True], no_reduce_shared_memory_bank_conflicts=[None], use_igemm_convolution=[None])",[2],,#iree_gpu.mma_layout<MFMA_F32_16x16x32_F8E4M3FNUZ>,32,64,512,64,1,1,1,1,"['--iree-hal-target-device=hip', '--iree-hip-target=gfx942', '--compile-from=executable-sources']",719,True,"['--input=1', '--benchmark_repetitions=3']",True,hip://6,True,357.33,1040.0,269.67,2.91045,693,648,45,204,302.06,,tuning_2025_09_29_16_28/candidates/specs/719_spec.mlir
compute_gemm_4096_4096_8192_f8E4M3FNUZ_f32_tB,720,contraction,sharkmi300x-4,gfx942,4096,4096,8192,64,32,16,8,8,0,0,0,"[0, 1]",LLVMGPUVectorDistribute,"PipelineOptionsSearchSpace(prefetch_shared_memory=[True], no_reduce_shared_memory_bank_conflicts=[None], use_igemm_convolution=[None])",[2],,#iree_gpu.mma_layout<MFMA_F32_32x32x16_F8E4M3FNUZ>,128,256,32,256,2,1,2,4,"['--iree-hal-target-device=hip', '--iree-hip-target=gfx942', '--compile-from=executable-sources']",720,True,"['--input=1', '--benchmark_repetitions=3']",True,hip://5,True,360.33,388.0,269.67,1.07678,679,135,544,204,302.06,,tuning_2025_09_29_16_28/candidates/specs/720_spec.mlir
compute_gemm_4096_4096_8192_f8E4M3FNUZ_f32_tB,721,contraction,sharkmi300x-4,gfx942,4096,4096,8192,64,16,32,8,8,0,0,0,"[0, 1]",LLVMGPUVectorDistribute,"PipelineOptionsSearchSpace(prefetch_shared_memory=[True], no_reduce_shared_memory_bank_conflicts=[None], use_igemm_convolution=[None])",[2],,#iree_gpu.mma_layout<MFMA_F32_16x16x32_F8E4M3FNUZ>,32,128,32,64,1,1,1,1,"['--iree-hal-target-device=hip', '--iree-hip-target=gfx942', '--compile-from=executable-sources']",721,True,"['--input=1', '--benchmark_repetitions=3']",True,hip://2,True,357.5,1030.0,269.67,2.88112,680,641,39,204,302.06,,tuning_2025_09_29_16_28/candidates/specs/721_spec.mlir
compute_gemm_4096_4096_8192_f8E4M3FNUZ_f32_tB,722,contraction,sharkmi300x-4,gfx942,4096,4096,8192,64,16,32,8,8,0,0,0,"[0, 1]",LLVMGPUVectorDistribute,"PipelineOptionsSearchSpace(prefetch_shared_memory=[True], no_reduce_shared_memory_bank_conflicts=[None], use_igemm_convolution=[None])",[2],,#iree_gpu.mma_layout<MFMA_F32_16x16x32_F8E4M3FNUZ>,512,64,32,64,2,1,2,1,"['--iree-hal-target-device=hip', '--iree-hip-target=gfx942', '--compile-from=executable-sources']",722,True,"['--input=1', '--benchmark_repetitions=3']",True,hip://2,True,357.5,983.33,269.67,2.75058,709,615,94,204,302.06,,tuning_2025_09_29_16_28/candidates/specs/722_spec.mlir
compute_gemm_4096_4096_8192_f8E4M3FNUZ_f32_tB,723,contraction,sharkmi300x-4,gfx942,4096,4096,8192,64,32,16,8,8,0,0,0,"[0, 1]",LLVMGPUVectorDistribute,"PipelineOptionsSearchSpace(prefetch_shared_memory=[True], no_reduce_shared_memory_bank_conflicts=[None], use_igemm_convolution=[None])",[2],,#iree_gpu.mma_layout<MFMA_F32_32x32x16_F8E4M3FNUZ>,128,256,32,256,1,1,1,4,"['--iree-hal-target-device=hip', '--iree-hip-target=gfx942', '--compile-from=executable-sources']",723,True,"['--input=1', '--benchmark_repetitions=3']",True,hip://2,True,357.5,369.0,269.67,1.03217,691,113,578,204,302.06,,tuning_2025_09_29_16_28/candidates/specs/723_spec.mlir
compute_gemm_4096_4096_8192_f8E4M3FNUZ_f32_tB,724,contraction,sharkmi300x-4,gfx942,4096,4096,8192,64,16,32,8,8,0,0,0,"[0, 1]",LLVMGPUVectorDistribute,"PipelineOptionsSearchSpace(prefetch_shared_memory=[True], no_reduce_shared_memory_bank_conflicts=[None], use_igemm_convolution=[None])",[2],,#iree_gpu.mma_layout<MFMA_F32_16x16x32_F8E4M3FNUZ>,64,16,64,64,4,1,4,1,"['--iree-hal-target-device=hip', '--iree-hip-target=gfx942', '--compile-from=executable-sources']",724,True,"['--input=1', '--benchmark_repetitions=3']",True,hip://7,True,352.5,1006.67,269.67,2.85579,674,633,41,204,302.06,,tuning_2025_09_29_16_28/candidates/specs/724_spec.mlir
compute_gemm_4096_4096_8192_f8E4M3FNUZ_f32_tB,725,contraction,sharkmi300x-4,gfx942,4096,4096,8192,64,16,32,8,8,0,0,0,"[0, 1]",LLVMGPUVectorDistribute,"PipelineOptionsSearchSpace(prefetch_shared_memory=[True], no_reduce_shared_memory_bank_conflicts=[None], use_igemm_convolution=[None])",[2],,#iree_gpu.mma_layout<MFMA_F32_16x16x32_F8E4M3FNUZ>,512,256,64,64,1,1,1,1,"['--iree-hal-target-device=hip', '--iree-hip-target=gfx942', '--compile-from=executable-sources']",725,False,"['--input=1', '--benchmark_repetitions=3']",False,,False,,,,,,,,,,,tuning_2025_09_29_16_28/candidates/specs/725_spec.mlir
compute_gemm_4096_4096_8192_f8E4M3FNUZ_f32_tB,726,contraction,sharkmi300x-4,gfx942,4096,4096,8192,64,16,32,8,8,0,0,0,"[0, 1]",LLVMGPUVectorDistribute,"PipelineOptionsSearchSpace(prefetch_shared_memory=[True], no_reduce_shared_memory_bank_conflicts=[None], use_igemm_convolution=[None])",[2],,#iree_gpu.mma_layout<MFMA_F32_16x16x32_F8E4M3FNUZ>,256,16,64,64,1,1,1,1,"['--iree-hal-target-device=hip', '--iree-hip-target=gfx942', '--compile-from=executable-sources']",726,True,"['--input=1', '--benchmark_repetitions=3']",True,hip://2,True,357.5,871.67,269.67,2.43823,687,572,115,204,302.06,,tuning_2025_09_29_16_28/candidates/specs/726_spec.mlir
compute_gemm_4096_4096_8192_f8E4M3FNUZ_f32_tB,727,contraction,sharkmi300x-4,gfx942,4096,4096,8192,64,16,32,8,8,0,0,0,"[0, 1]",LLVMGPUVectorDistribute,"PipelineOptionsSearchSpace(prefetch_shared_memory=[True], no_reduce_shared_memory_bank_conflicts=[None], use_igemm_convolution=[None])",[2],,#iree_gpu.mma_layout<MFMA_F32_16x16x32_F8E4M3FNUZ>,128,128,128,128,4,1,4,2,"['--iree-hal-target-device=hip', '--iree-hip-target=gfx942', '--compile-from=executable-sources']",727,True,"['--input=1', '--benchmark_repetitions=3']",True,hip://6,True,357.33,313.33,269.67,0.87687,681,28,653,204,302.06,,tuning_2025_09_29_16_28/candidates/specs/727_spec.mlir
compute_gemm_4096_4096_8192_f8E4M3FNUZ_f32_tB,728,contraction,sharkmi300x-4,gfx942,4096,4096,8192,64,16,32,8,8,0,0,0,"[0, 1]",LLVMGPUVectorDistribute,"PipelineOptionsSearchSpace(prefetch_shared_memory=[True], no_reduce_shared_memory_bank_conflicts=[None], use_igemm_convolution=[None])",[2],,#iree_gpu.mma_layout<MFMA_F32_16x16x32_F8E4M3FNUZ>,256,64,64,128,2,1,2,2,"['--iree-hal-target-device=hip', '--iree-hip-target=gfx942', '--compile-from=executable-sources']",728,True,"['--input=1', '--benchmark_repetitions=3']",True,hip://6,True,357.33,397.0,269.67,1.11101,685,158,527,204,302.06,,tuning_2025_09_29_16_28/candidates/specs/728_spec.mlir
compute_gemm_4096_4096_8192_f8E4M3FNUZ_f32_tB,729,contraction,sharkmi300x-4,gfx942,4096,4096,8192,64,16,32,8,8,0,0,0,"[0, 1]",LLVMGPUVectorDistribute,"PipelineOptionsSearchSpace(prefetch_shared_memory=[True], no_reduce_shared_memory_bank_conflicts=[None], use_igemm_convolution=[None])",[2],,#iree_gpu.mma_layout<MFMA_F32_16x16x32_F8E4M3FNUZ>,128,32,128,128,2,1,2,2,"['--iree-hal-target-device=hip', '--iree-hip-target=gfx942', '--compile-from=executable-sources']",729,True,"['--input=1', '--benchmark_repetitions=3']",True,hip://7,True,352.5,453.67,269.67,1.287,682,230,452,204,302.06,,tuning_2025_09_29_16_28/candidates/specs/729_spec.mlir
compute_gemm_4096_4096_8192_f8E4M3FNUZ_f32_tB,730,contraction,sharkmi300x-4,gfx942,4096,4096,8192,64,16,32,8,8,0,0,0,"[0, 1]",LLVMGPUVectorDistribute,"PipelineOptionsSearchSpace(prefetch_shared_memory=[True], no_reduce_shared_memory_bank_conflicts=[None], use_igemm_convolution=[None])",[2],,#iree_gpu.mma_layout<MFMA_F32_16x16x32_F8E4M3FNUZ>,32,256,32,64,2,1,2,1,"['--iree-hal-target-device=hip', '--iree-hip-target=gfx942', '--compile-from=executable-sources']",730,True,"['--input=1', '--benchmark_repetitions=3']",True,hip://7,True,352.5,866.33,269.67,2.45768,686,574,112,204,302.06,,tuning_2025_09_29_16_28/candidates/specs/730_spec.mlir
compute_gemm_4096_4096_8192_f8E4M3FNUZ_f32_tB,731,contraction,sharkmi300x-4,gfx942,4096,4096,8192,64,32,16,8,8,0,0,0,"[0, 1]",LLVMGPUVectorDistribute,"PipelineOptionsSearchSpace(prefetch_shared_memory=[True], no_reduce_shared_memory_bank_conflicts=[None], use_igemm_convolution=[None])",[2],,#iree_gpu.mma_layout<MFMA_F32_32x32x16_F8E4M3FNUZ>,256,256,128,128,2,1,2,2,"['--iree-hal-target-device=hip', '--iree-hip-target=gfx942', '--compile-from=executable-sources']",731,True,"['--input=1', '--benchmark_repetitions=3']",True,hip://6,True,357.33,718.0,269.67,2.00933,719,500,219,204,302.06,,tuning_2025_09_29_16_28/candidates/specs/731_spec.mlir
compute_gemm_4096_4096_8192_f8E4M3FNUZ_f32_tB,732,contraction,sharkmi300x-4,gfx942,4096,4096,8192,64,16,32,8,8,0,0,0,"[0, 1]",LLVMGPUVectorDistribute,"PipelineOptionsSearchSpace(prefetch_shared_memory=[True], no_reduce_shared_memory_bank_conflicts=[None], use_igemm_convolution=[None])",[2],,#iree_gpu.mma_layout<MFMA_F32_16x16x32_F8E4M3FNUZ>,32,256,64,64,2,1,2,1,"['--iree-hal-target-device=hip', '--iree-hip-target=gfx942', '--compile-from=executable-sources']",732,True,"['--input=1', '--benchmark_repetitions=3']",True,hip://7,True,352.5,551.33,269.67,1.56407,690,376,314,204,302.06,,tuning_2025_09_29_16_28/candidates/specs/732_spec.mlir
compute_gemm_4096_4096_8192_f8E4M3FNUZ_f32_tB,733,contraction,sharkmi300x-4,gfx942,4096,4096,8192,64,32,16,8,8,0,0,0,"[0, 1]",LLVMGPUVectorDistribute,"PipelineOptionsSearchSpace(prefetch_shared_memory=[True], no_reduce_shared_memory_bank_conflicts=[None], use_igemm_convolution=[None])",[2],,#iree_gpu.mma_layout<MFMA_F32_32x32x16_F8E4M3FNUZ>,512,512,64,64,4,1,4,1,"['--iree-hal-target-device=hip', '--iree-hip-target=gfx942', '--compile-from=executable-sources']",733,True,"['--input=1', '--benchmark_repetitions=3']",True,hip://5,True,360.33,28266.67,269.67,78.44588,926,947,21,204,302.06,,tuning_2025_09_29_16_28/candidates/specs/733_spec.mlir
compute_gemm_4096_4096_8192_f8E4M3FNUZ_f32_tB,734,contraction,sharkmi300x-4,gfx942,4096,4096,8192,64,16,32,8,8,0,0,0,"[0, 1]",LLVMGPUVectorDistribute,"PipelineOptionsSearchSpace(prefetch_shared_memory=[True], no_reduce_shared_memory_bank_conflicts=[None], use_igemm_convolution=[None])",[2],,#iree_gpu.mma_layout<MFMA_F32_16x16x32_F8E4M3FNUZ>,256,64,128,128,2,1,2,2,"['--iree-hal-target-device=hip', '--iree-hip-target=gfx942', '--compile-from=executable-sources']",734,True,"['--input=1', '--benchmark_repetitions=3']",True,hip://5,True,360.33,466.33,269.67,1.29417,696,234,462,204,302.06,,tuning_2025_09_29_16_28/candidates/specs/734_spec.mlir
compute_gemm_4096_4096_8192_f8E4M3FNUZ_f32_tB,735,contraction,sharkmi300x-4,gfx942,4096,4096,8192,64,32,16,8,8,0,0,0,"[0, 1]",LLVMGPUVectorDistribute,"PipelineOptionsSearchSpace(prefetch_shared_memory=[True], no_reduce_shared_memory_bank_conflicts=[None], use_igemm_convolution=[None])",[2],,#iree_gpu.mma_layout<MFMA_F32_32x32x16_F8E4M3FNUZ>,64,32,128,64,2,1,2,1,"['--iree-hal-target-device=hip', '--iree-hip-target=gfx942', '--compile-from=executable-sources']",735,True,"['--input=1', '--benchmark_repetitions=3']",True,hip://6,True,357.33,487.0,269.67,1.36287,689,270,419,204,302.06,,tuning_2025_09_29_16_28/candidates/specs/735_spec.mlir
compute_gemm_4096_4096_8192_f8E4M3FNUZ_f32_tB,736,contraction,sharkmi300x-4,gfx942,4096,4096,8192,64,32,16,8,8,0,0,0,"[0, 1]",LLVMGPUVectorDistribute,"PipelineOptionsSearchSpace(prefetch_shared_memory=[True], no_reduce_shared_memory_bank_conflicts=[None], use_igemm_convolution=[None])",[2],,#iree_gpu.mma_layout<MFMA_F32_32x32x16_F8E4M3FNUZ>,128,256,128,64,1,1,1,1,"['--iree-hal-target-device=hip', '--iree-hip-target=gfx942', '--compile-from=executable-sources']",736,True,"['--input=1', '--benchmark_repetitions=3']",True,hip://2,True,357.5,8210.0,269.67,22.96503,804,864,60,204,302.06,,tuning_2025_09_29_16_28/candidates/specs/736_spec.mlir
compute_gemm_4096_4096_8192_f8E4M3FNUZ_f32_tB,737,contraction,sharkmi300x-4,gfx942,4096,4096,8192,64,16,32,8,8,0,0,0,"[0, 1]",LLVMGPUVectorDistribute,"PipelineOptionsSearchSpace(prefetch_shared_memory=[True], no_reduce_shared_memory_bank_conflicts=[None], use_igemm_convolution=[None])",[2],,#iree_gpu.mma_layout<MFMA_F32_16x16x32_F8E4M3FNUZ>,256,256,128,256,2,1,2,4,"['--iree-hal-target-device=hip', '--iree-hip-target=gfx942', '--compile-from=executable-sources']",737,True,"['--input=1', '--benchmark_repetitions=3']",True,hip://5,True,360.33,938.33,269.67,2.60407,704,592,112,204,302.06,,tuning_2025_09_29_16_28/candidates/specs/737_spec.mlir
compute_gemm_4096_4096_8192_f8E4M3FNUZ_f32_tB,738,contraction,sharkmi300x-4,gfx942,4096,4096,8192,64,16,32,8,8,0,0,0,"[0, 1]",LLVMGPUVectorDistribute,"PipelineOptionsSearchSpace(prefetch_shared_memory=[True], no_reduce_shared_memory_bank_conflicts=[None], use_igemm_convolution=[None])",[2],,#iree_gpu.mma_layout<MFMA_F32_16x16x32_F8E4M3FNUZ>,128,256,64,128,4,1,4,2,"['--iree-hal-target-device=hip', '--iree-hip-target=gfx942', '--compile-from=executable-sources']",738,True,"['--input=1', '--benchmark_repetitions=3']",True,hip://2,True,357.5,327.0,269.67,0.91469,695,52,643,204,302.06,,tuning_2025_09_29_16_28/candidates/specs/738_spec.mlir
compute_gemm_4096_4096_8192_f8E4M3FNUZ_f32_tB,739,contraction,sharkmi300x-4,gfx942,4096,4096,8192,64,16,32,8,8,0,0,0,"[0, 1]",LLVMGPUVectorDistribute,"PipelineOptionsSearchSpace(prefetch_shared_memory=[True], no_reduce_shared_memory_bank_conflicts=[None], use_igemm_convolution=[None])",[2],,#iree_gpu.mma_layout<MFMA_F32_16x16x32_F8E4M3FNUZ>,256,128,32,128,2,1,2,2,"['--iree-hal-target-device=hip', '--iree-hip-target=gfx942', '--compile-from=executable-sources']",739,True,"['--input=1', '--benchmark_repetitions=3']",True,hip://7,True,352.5,533.0,269.67,1.51206,702,351,351,204,302.06,,tuning_2025_09_29_16_28/candidates/specs/739_spec.mlir
compute_gemm_4096_4096_8192_f8E4M3FNUZ_f32_tB,740,contraction,sharkmi300x-4,gfx942,4096,4096,8192,64,32,16,8,8,0,0,0,"[0, 1]",LLVMGPUVectorDistribute,"PipelineOptionsSearchSpace(prefetch_shared_memory=[True], no_reduce_shared_memory_bank_conflicts=[None], use_igemm_convolution=[None])",[2],,#iree_gpu.mma_layout<MFMA_F32_32x32x16_F8E4M3FNUZ>,64,256,128,256,2,1,2,4,"['--iree-hal-target-device=hip', '--iree-hip-target=gfx942', '--compile-from=executable-sources']",740,True,"['--input=1', '--benchmark_repetitions=3']",True,hip://7,True,352.5,403.67,269.67,1.14515,694,173,521,204,302.06,,tuning_2025_09_29_16_28/candidates/specs/740_spec.mlir
compute_gemm_4096_4096_8192_f8E4M3FNUZ_f32_tB,741,contraction,sharkmi300x-4,gfx942,4096,4096,8192,64,16,32,8,8,0,0,0,"[0, 1]",LLVMGPUVectorDistribute,"PipelineOptionsSearchSpace(prefetch_shared_memory=[True], no_reduce_shared_memory_bank_conflicts=[None], use_igemm_convolution=[None])",[2],,#iree_gpu.mma_layout<MFMA_F32_16x16x32_F8E4M3FNUZ>,512,256,32,64,8,1,8,1,"['--iree-hal-target-device=hip', '--iree-hip-target=gfx942', '--compile-from=executable-sources']",741,True,"['--input=1', '--benchmark_repetitions=3']",True,hip://2,True,357.5,2700.0,269.67,7.55245,717,794,77,204,302.06,,tuning_2025_09_29_16_28/candidates/specs/741_spec.mlir
compute_gemm_4096_4096_8192_f8E4M3FNUZ_f32_tB,742,contraction,sharkmi300x-4,gfx942,4096,4096,8192,64,16,32,8,8,0,0,0,"[0, 1]",LLVMGPUVectorDistribute,"PipelineOptionsSearchSpace(prefetch_shared_memory=[True], no_reduce_shared_memory_bank_conflicts=[None], use_igemm_convolution=[None])",[2],,#iree_gpu.mma_layout<MFMA_F32_16x16x32_F8E4M3FNUZ>,64,512,64,128,1,1,1,2,"['--iree-hal-target-device=hip', '--iree-hip-target=gfx942', '--compile-from=executable-sources']",742,True,"['--input=1', '--benchmark_repetitions=3']",True,hip://6,True,357.33,838.33,269.67,2.34608,727,552,175,204,302.06,,tuning_2025_09_29_16_28/candidates/specs/742_spec.mlir
compute_gemm_4096_4096_8192_f8E4M3FNUZ_f32_tB,743,contraction,sharkmi300x-4,gfx942,4096,4096,8192,64,16,32,8,8,0,0,0,"[0, 1]",LLVMGPUVectorDistribute,"PipelineOptionsSearchSpace(prefetch_shared_memory=[True], no_reduce_shared_memory_bank_conflicts=[None], use_igemm_convolution=[None])",[2],,#iree_gpu.mma_layout<MFMA_F32_16x16x32_F8E4M3FNUZ>,256,64,128,128,1,1,1,2,"['--iree-hal-target-device=hip', '--iree-hip-target=gfx942', '--compile-from=executable-sources']",743,True,"['--input=1', '--benchmark_repetitions=3']",True,hip://6,True,357.33,641.67,269.67,1.79571,715,434,281,204,302.06,,tuning_2025_09_29_16_28/candidates/specs/743_spec.mlir
compute_gemm_4096_4096_8192_f8E4M3FNUZ_f32_tB,744,contraction,sharkmi300x-4,gfx942,4096,4096,8192,64,32,16,8,8,0,0,0,"[0, 1]",LLVMGPUVectorDistribute,"PipelineOptionsSearchSpace(prefetch_shared_memory=[True], no_reduce_shared_memory_bank_conflicts=[None], use_igemm_convolution=[None])",[2],,#iree_gpu.mma_layout<MFMA_F32_32x32x16_F8E4M3FNUZ>,512,512,32,128,1,1,1,2,"['--iree-hal-target-device=hip', '--iree-hip-target=gfx942', '--compile-from=executable-sources']",744,True,"['--input=1', '--benchmark_repetitions=3']",True,hip://2,True,357.5,35200.0,269.67,98.46154,953,953,0,204,302.06,,tuning_2025_09_29_16_28/candidates/specs/744_spec.mlir
compute_gemm_4096_4096_8192_f8E4M3FNUZ_f32_tB,745,contraction,sharkmi300x-4,gfx942,4096,4096,8192,64,16,32,8,8,0,0,0,"[0, 1]",LLVMGPUVectorDistribute,"PipelineOptionsSearchSpace(prefetch_shared_memory=[True], no_reduce_shared_memory_bank_conflicts=[None], use_igemm_convolution=[None])",[2],,#iree_gpu.mma_layout<MFMA_F32_16x16x32_F8E4M3FNUZ>,128,512,32,128,1,1,1,2,"['--iree-hal-target-device=hip', '--iree-hip-target=gfx942', '--compile-from=executable-sources']",745,True,"['--input=1', '--benchmark_repetitions=3']",True,hip://5,True,360.33,6093.33,269.67,16.91027,777,827,50,204,302.06,,tuning_2025_09_29_16_28/candidates/specs/745_spec.mlir
compute_gemm_4096_4096_8192_f8E4M3FNUZ_f32_tB,746,contraction,sharkmi300x-4,gfx942,4096,4096,8192,64,16,32,8,8,0,0,0,"[0, 1]",LLVMGPUVectorDistribute,"PipelineOptionsSearchSpace(prefetch_shared_memory=[True], no_reduce_shared_memory_bank_conflicts=[None], use_igemm_convolution=[None])",[2],,#iree_gpu.mma_layout<MFMA_F32_16x16x32_F8E4M3FNUZ>,512,512,64,128,1,1,1,2,"['--iree-hal-target-device=hip', '--iree-hip-target=gfx942', '--compile-from=executable-sources']",746,False,"['--input=1', '--benchmark_repetitions=3']",False,,False,,,,,,,,,,,tuning_2025_09_29_16_28/candidates/specs/746_spec.mlir
compute_gemm_4096_4096_8192_f8E4M3FNUZ_f32_tB,747,contraction,sharkmi300x-4,gfx942,4096,4096,8192,64,16,32,8,8,0,0,0,"[0, 1]",LLVMGPUVectorDistribute,"PipelineOptionsSearchSpace(prefetch_shared_memory=[True], no_reduce_shared_memory_bank_conflicts=[None], use_igemm_convolution=[None])",[2],,#iree_gpu.mma_layout<MFMA_F32_16x16x32_F8E4M3FNUZ>,64,16,256,64,2,1,2,1,"['--iree-hal-target-device=hip', '--iree-hip-target=gfx942', '--compile-from=executable-sources']",747,True,"['--input=1', '--benchmark_repetitions=3']",True,hip://6,True,357.33,648.0,269.67,1.81343,697,449,248,204,302.06,,tuning_2025_09_29_16_28/candidates/specs/747_spec.mlir
compute_gemm_4096_4096_8192_f8E4M3FNUZ_f32_tB,748,contraction,sharkmi300x-4,gfx942,4096,4096,8192,64,16,32,8,8,0,0,0,"[0, 1]",LLVMGPUVectorDistribute,"PipelineOptionsSearchSpace(prefetch_shared_memory=[True], no_reduce_shared_memory_bank_conflicts=[None], use_igemm_convolution=[None])",[2],,#iree_gpu.mma_layout<MFMA_F32_16x16x32_F8E4M3FNUZ>,128,64,256,64,8,1,8,1,"['--iree-hal-target-device=hip', '--iree-hip-target=gfx942', '--compile-from=executable-sources']",748,True,"['--input=1', '--benchmark_repetitions=3']",True,hip://2,True,357.5,359.67,269.67,1.00606,699,97,602,204,302.06,,tuning_2025_09_29_16_28/candidates/specs/748_spec.mlir
compute_gemm_4096_4096_8192_f8E4M3FNUZ_f32_tB,749,contraction,sharkmi300x-4,gfx942,4096,4096,8192,64,16,32,8,8,0,0,0,"[0, 1]",LLVMGPUVectorDistribute,"PipelineOptionsSearchSpace(prefetch_shared_memory=[True], no_reduce_shared_memory_bank_conflicts=[None], use_igemm_convolution=[None])",[2],,#iree_gpu.mma_layout<MFMA_F32_16x16x32_F8E4M3FNUZ>,64,512,32,128,4,1,4,2,"['--iree-hal-target-device=hip', '--iree-hip-target=gfx942', '--compile-from=executable-sources']",749,True,"['--input=1', '--benchmark_repetitions=3']",True,hip://2,True,357.5,505.0,269.67,1.41259,703,298,405,204,302.06,,tuning_2025_09_29_16_28/candidates/specs/749_spec.mlir
compute_gemm_4096_4096_8192_f8E4M3FNUZ_f32_tB,750,contraction,sharkmi300x-4,gfx942,4096,4096,8192,64,32,16,8,8,0,0,0,"[0, 1]",LLVMGPUVectorDistribute,"PipelineOptionsSearchSpace(prefetch_shared_memory=[True], no_reduce_shared_memory_bank_conflicts=[None], use_igemm_convolution=[None])",[2],,#iree_gpu.mma_layout<MFMA_F32_32x32x16_F8E4M3FNUZ>,128,64,128,64,1,1,1,1,"['--iree-hal-target-device=hip', '--iree-hip-target=gfx942', '--compile-from=executable-sources']",750,True,"['--input=1', '--benchmark_repetitions=3']",True,hip://5,True,360.33,481.67,269.67,1.33673,716,255,461,204,302.06,,tuning_2025_09_29_16_28/candidates/specs/750_spec.mlir
compute_gemm_4096_4096_8192_f8E4M3FNUZ_f32_tB,751,contraction,sharkmi300x-4,gfx942,4096,4096,8192,64,32,16,8,8,0,0,0,"[0, 1]",LLVMGPUVectorDistribute,"PipelineOptionsSearchSpace(prefetch_shared_memory=[True], no_reduce_shared_memory_bank_conflicts=[None], use_igemm_convolution=[None])",[2],,#iree_gpu.mma_layout<MFMA_F32_32x32x16_F8E4M3FNUZ>,256,32,32,64,8,1,8,1,"['--iree-hal-target-device=hip', '--iree-hip-target=gfx942', '--compile-from=executable-sources']",751,True,"['--input=1', '--benchmark_repetitions=3']",True,hip://7,True,352.5,950.0,269.67,2.69504,698,606,92,204,302.06,,tuning_2025_09_29_16_28/candidates/specs/751_spec.mlir
compute_gemm_4096_4096_8192_f8E4M3FNUZ_f32_tB,752,contraction,sharkmi300x-4,gfx942,4096,4096,8192,64,16,32,8,8,0,0,0,"[0, 1]",LLVMGPUVectorDistribute,"PipelineOptionsSearchSpace(prefetch_shared_memory=[True], no_reduce_shared_memory_bank_conflicts=[None], use_igemm_convolution=[None])",[2],,#iree_gpu.mma_layout<MFMA_F32_16x16x32_F8E4M3FNUZ>,256,16,64,64,4,1,4,1,"['--iree-hal-target-device=hip', '--iree-hip-target=gfx942', '--compile-from=executable-sources']",752,True,"['--input=1', '--benchmark_repetitions=3']",True,hip://6,True,357.33,1050.0,269.67,2.93843,701,654,47,204,302.06,,tuning_2025_09_29_16_28/candidates/specs/752_spec.mlir
compute_gemm_4096_4096_8192_f8E4M3FNUZ_f32_tB,753,contraction,sharkmi300x-4,gfx942,4096,4096,8192,64,16,32,8,8,0,0,0,"[0, 1]",LLVMGPUVectorDistribute,"PipelineOptionsSearchSpace(prefetch_shared_memory=[True], no_reduce_shared_memory_bank_conflicts=[None], use_igemm_convolution=[None])",[2],,#iree_gpu.mma_layout<MFMA_F32_16x16x32_F8E4M3FNUZ>,256,32,64,128,1,1,1,2,"['--iree-hal-target-device=hip', '--iree-hip-target=gfx942', '--compile-from=executable-sources']",753,True,"['--input=1', '--benchmark_repetitions=3']",True,hip://6,True,357.33,592.67,269.67,1.65858,708,399,309,204,302.06,,tuning_2025_09_29_16_28/candidates/specs/753_spec.mlir
compute_gemm_4096_4096_8192_f8E4M3FNUZ_f32_tB,754,contraction,sharkmi300x-4,gfx942,4096,4096,8192,64,32,16,8,8,0,0,0,"[0, 1]",LLVMGPUVectorDistribute,"PipelineOptionsSearchSpace(prefetch_shared_memory=[True], no_reduce_shared_memory_bank_conflicts=[None], use_igemm_convolution=[None])",[2],,#iree_gpu.mma_layout<MFMA_F32_32x32x16_F8E4M3FNUZ>,256,512,32,64,1,1,1,1,"['--iree-hal-target-device=hip', '--iree-hip-target=gfx942', '--compile-from=executable-sources']",754,True,"['--input=1', '--benchmark_repetitions=3']",True,hip://7,True,352.5,31400.0,269.67,89.07801,952,952,0,204,302.06,,tuning_2025_09_29_16_28/candidates/specs/754_spec.mlir
compute_gemm_4096_4096_8192_f8E4M3FNUZ_f32_tB,755,contraction,sharkmi300x-4,gfx942,4096,4096,8192,64,16,32,8,8,0,0,0,"[0, 1]",LLVMGPUVectorDistribute,"PipelineOptionsSearchSpace(prefetch_shared_memory=[True], no_reduce_shared_memory_bank_conflicts=[None], use_igemm_convolution=[None])",[2],,#iree_gpu.mma_layout<MFMA_F32_16x16x32_F8E4M3FNUZ>,32,64,256,64,2,1,2,1,"['--iree-hal-target-device=hip', '--iree-hip-target=gfx942', '--compile-from=executable-sources']",755,True,"['--input=1', '--benchmark_repetitions=3']",True,hip://7,True,352.5,502.33,269.67,1.42506,706,302,404,204,302.06,,tuning_2025_09_29_16_28/candidates/specs/755_spec.mlir
compute_gemm_4096_4096_8192_f8E4M3FNUZ_f32_tB,756,contraction,sharkmi300x-4,gfx942,4096,4096,8192,64,16,32,8,8,0,0,0,"[0, 1]",LLVMGPUVectorDistribute,"PipelineOptionsSearchSpace(prefetch_shared_memory=[True], no_reduce_shared_memory_bank_conflicts=[None], use_igemm_convolution=[None])",[2],,#iree_gpu.mma_layout<MFMA_F32_16x16x32_F8E4M3FNUZ>,32,512,32,256,2,1,2,4,"['--iree-hal-target-device=hip', '--iree-hip-target=gfx942', '--compile-from=executable-sources']",756,True,"['--input=1', '--benchmark_repetitions=3']",True,hip://6,True,357.33,863.0,269.67,2.41511,705,566,139,204,302.06,,tuning_2025_09_29_16_28/candidates/specs/756_spec.mlir
compute_gemm_4096_4096_8192_f8E4M3FNUZ_f32_tB,757,contraction,sharkmi300x-4,gfx942,4096,4096,8192,64,16,32,8,8,0,0,0,"[0, 1]",LLVMGPUVectorDistribute,"PipelineOptionsSearchSpace(prefetch_shared_memory=[True], no_reduce_shared_memory_bank_conflicts=[None], use_igemm_convolution=[None])",[2],,#iree_gpu.mma_layout<MFMA_F32_16x16x32_F8E4M3FNUZ>,256,256,64,64,1,1,1,1,"['--iree-hal-target-device=hip', '--iree-hip-target=gfx942', '--compile-from=executable-sources']",757,True,"['--input=1', '--benchmark_repetitions=3']",True,hip://6,True,357.33,8970.0,269.67,25.10261,951,874,77,204,302.06,,tuning_2025_09_29_16_28/candidates/specs/757_spec.mlir
compute_gemm_4096_4096_8192_f8E4M3FNUZ_f32_tB,758,contraction,sharkmi300x-4,gfx942,4096,4096,8192,64,32,16,8,8,0,0,0,"[0, 1]",LLVMGPUVectorDistribute,"PipelineOptionsSearchSpace(prefetch_shared_memory=[True], no_reduce_shared_memory_bank_conflicts=[None], use_igemm_convolution=[None])",[2],,#iree_gpu.mma_layout<MFMA_F32_32x32x16_F8E4M3FNUZ>,256,64,64,64,1,1,1,1,"['--iree-hal-target-device=hip', '--iree-hip-target=gfx942', '--compile-from=executable-sources']",758,True,"['--input=1', '--benchmark_repetitions=3']",True,hip://2,True,357.5,485.67,269.67,1.35851,744,262,482,204,302.06,,tuning_2025_09_29_16_28/candidates/specs/758_spec.mlir
compute_gemm_4096_4096_8192_f8E4M3FNUZ_f32_tB,759,contraction,sharkmi300x-4,gfx942,4096,4096,8192,64,16,32,8,8,0,0,0,"[0, 1]",LLVMGPUVectorDistribute,"PipelineOptionsSearchSpace(prefetch_shared_memory=[True], no_reduce_shared_memory_bank_conflicts=[None], use_igemm_convolution=[None])",[2],,#iree_gpu.mma_layout<MFMA_F32_16x16x32_F8E4M3FNUZ>,256,32,64,64,2,1,2,1,"['--iree-hal-target-device=hip', '--iree-hip-target=gfx942', '--compile-from=executable-sources']",759,True,"['--input=1', '--benchmark_repetitions=3']",True,hip://5,True,360.33,573.33,269.67,1.59112,713,381,332,204,302.06,,tuning_2025_09_29_16_28/candidates/specs/759_spec.mlir
compute_gemm_4096_4096_8192_f8E4M3FNUZ_f32_tB,760,contraction,sharkmi300x-4,gfx942,4096,4096,8192,64,16,32,8,8,0,0,0,"[0, 1]",LLVMGPUVectorDistribute,"PipelineOptionsSearchSpace(prefetch_shared_memory=[True], no_reduce_shared_memory_bank_conflicts=[None], use_igemm_convolution=[None])",[2],,#iree_gpu.mma_layout<MFMA_F32_16x16x32_F8E4M3FNUZ>,128,32,256,128,2,1,2,2,"['--iree-hal-target-device=hip', '--iree-hip-target=gfx942', '--compile-from=executable-sources']",760,True,"['--input=1', '--benchmark_repetitions=3']",True,hip://2,True,357.5,581.33,269.67,1.62611,712,392,320,204,302.06,,tuning_2025_09_29_16_28/candidates/specs/760_spec.mlir
compute_gemm_4096_4096_8192_f8E4M3FNUZ_f32_tB,761,contraction,sharkmi300x-4,gfx942,4096,4096,8192,64,32,16,8,8,0,0,0,"[0, 1]",LLVMGPUVectorDistribute,"PipelineOptionsSearchSpace(prefetch_shared_memory=[True], no_reduce_shared_memory_bank_conflicts=[None], use_igemm_convolution=[None])",[2],,#iree_gpu.mma_layout<MFMA_F32_32x32x16_F8E4M3FNUZ>,32,512,32,64,1,1,1,1,"['--iree-hal-target-device=hip', '--iree-hip-target=gfx942', '--compile-from=executable-sources']",761,True,"['--input=1', '--benchmark_repetitions=3']",True,hip://2,True,357.5,894.33,269.67,2.50163,740,584,156,204,302.06,,tuning_2025_09_29_16_28/candidates/specs/761_spec.mlir
compute_gemm_4096_4096_8192_f8E4M3FNUZ_f32_tB,762,contraction,sharkmi300x-4,gfx942,4096,4096,8192,64,16,32,8,8,0,0,0,"[0, 1]",LLVMGPUVectorDistribute,"PipelineOptionsSearchSpace(prefetch_shared_memory=[True], no_reduce_shared_memory_bank_conflicts=[None], use_igemm_convolution=[None])",[2],,#iree_gpu.mma_layout<MFMA_F32_16x16x32_F8E4M3FNUZ>,128,16,32,64,4,1,4,1,"['--iree-hal-target-device=hip', '--iree-hip-target=gfx942', '--compile-from=executable-sources']",762,True,"['--input=1', '--benchmark_repetitions=3']",True,hip://7,True,352.5,1706.67,269.67,4.84161,710,737,27,204,302.06,,tuning_2025_09_29_16_28/candidates/specs/762_spec.mlir
compute_gemm_4096_4096_8192_f8E4M3FNUZ_f32_tB,763,contraction,sharkmi300x-4,gfx942,4096,4096,8192,64,32,16,8,8,0,0,0,"[0, 1]",LLVMGPUVectorDistribute,"PipelineOptionsSearchSpace(prefetch_shared_memory=[True], no_reduce_shared_memory_bank_conflicts=[None], use_igemm_convolution=[None])",[2],,#iree_gpu.mma_layout<MFMA_F32_32x32x16_F8E4M3FNUZ>,512,64,64,128,1,1,1,2,"['--iree-hal-target-device=hip', '--iree-hip-target=gfx942', '--compile-from=executable-sources']",763,True,"['--input=1', '--benchmark_repetitions=3']",True,hip://7,True,352.5,643.67,269.67,1.826,754,453,301,204,302.06,,tuning_2025_09_29_16_28/candidates/specs/763_spec.mlir
compute_gemm_4096_4096_8192_f8E4M3FNUZ_f32_tB,764,contraction,sharkmi300x-4,gfx942,4096,4096,8192,64,16,32,8,8,0,0,0,"[0, 1]",LLVMGPUVectorDistribute,"PipelineOptionsSearchSpace(prefetch_shared_memory=[True], no_reduce_shared_memory_bank_conflicts=[None], use_igemm_convolution=[None])",[2],,#iree_gpu.mma_layout<MFMA_F32_16x16x32_F8E4M3FNUZ>,512,64,64,64,2,1,2,1,"['--iree-hal-target-device=hip', '--iree-hip-target=gfx942', '--compile-from=executable-sources']",764,True,"['--input=1', '--benchmark_repetitions=3']",True,hip://7,True,352.5,1423.33,269.67,4.03783,758,695,63,204,302.06,,tuning_2025_09_29_16_28/candidates/specs/764_spec.mlir
compute_gemm_4096_4096_8192_f8E4M3FNUZ_f32_tB,765,contraction,sharkmi300x-4,gfx942,4096,4096,8192,64,32,16,8,8,0,0,0,"[0, 1]",LLVMGPUVectorDistribute,"PipelineOptionsSearchSpace(prefetch_shared_memory=[True], no_reduce_shared_memory_bank_conflicts=[None], use_igemm_convolution=[None])",[2],,#iree_gpu.mma_layout<MFMA_F32_32x32x16_F8E4M3FNUZ>,64,512,32,128,1,1,1,2,"['--iree-hal-target-device=hip', '--iree-hip-target=gfx942', '--compile-from=executable-sources']",765,True,"['--input=1', '--benchmark_repetitions=3']",True,hip://7,True,352.5,814.67,269.67,2.31111,738,542,196,204,302.06,,tuning_2025_09_29_16_28/candidates/specs/765_spec.mlir
compute_gemm_4096_4096_8192_f8E4M3FNUZ_f32_tB,766,contraction,sharkmi300x-4,gfx942,4096,4096,8192,64,16,32,8,8,0,0,0,"[0, 1]",LLVMGPUVectorDistribute,"PipelineOptionsSearchSpace(prefetch_shared_memory=[True], no_reduce_shared_memory_bank_conflicts=[None], use_igemm_convolution=[None])",[2],,#iree_gpu.mma_layout<MFMA_F32_16x16x32_F8E4M3FNUZ>,512,64,32,128,2,1,2,2,"['--iree-hal-target-device=hip', '--iree-hip-target=gfx942', '--compile-from=executable-sources']",766,True,"['--input=1', '--benchmark_repetitions=3']",True,hip://5,True,360.33,696.67,269.67,1.9334,721,482,239,204,302.06,,tuning_2025_09_29_16_28/candidates/specs/766_spec.mlir
compute_gemm_4096_4096_8192_f8E4M3FNUZ_f32_tB,767,contraction,sharkmi300x-4,gfx942,4096,4096,8192,64,16,32,8,8,0,0,0,"[0, 1]",LLVMGPUVectorDistribute,"PipelineOptionsSearchSpace(prefetch_shared_memory=[True], no_reduce_shared_memory_bank_conflicts=[None], use_igemm_convolution=[None])",[2],,#iree_gpu.mma_layout<MFMA_F32_16x16x32_F8E4M3FNUZ>,64,128,128,64,1,1,1,1,"['--iree-hal-target-device=hip', '--iree-hip-target=gfx942', '--compile-from=executable-sources']",767,True,"['--input=1', '--benchmark_repetitions=3']",True,hip://6,True,357.33,544.0,269.67,1.52239,731,361,370,204,302.06,,tuning_2025_09_29_16_28/candidates/specs/767_spec.mlir
compute_gemm_4096_4096_8192_f8E4M3FNUZ_f32_tB,768,contraction,sharkmi300x-4,gfx942,4096,4096,8192,64,32,16,8,8,0,0,0,"[0, 1]",LLVMGPUVectorDistribute,"PipelineOptionsSearchSpace(prefetch_shared_memory=[True], no_reduce_shared_memory_bank_conflicts=[None], use_igemm_convolution=[None])",[2],,#iree_gpu.mma_layout<MFMA_F32_32x32x16_F8E4M3FNUZ>,512,256,32,64,2,1,2,1,"['--iree-hal-target-device=hip', '--iree-hip-target=gfx942', '--compile-from=executable-sources']",768,True,"['--input=1', '--benchmark_repetitions=3']",True,hip://7,True,352.5,18400.0,269.67,52.19858,928,941,13,204,302.06,,tuning_2025_09_29_16_28/candidates/specs/768_spec.mlir
compute_gemm_4096_4096_8192_f8E4M3FNUZ_f32_tB,769,contraction,sharkmi300x-4,gfx942,4096,4096,8192,64,16,32,8,8,0,0,0,"[0, 1]",LLVMGPUVectorDistribute,"PipelineOptionsSearchSpace(prefetch_shared_memory=[True], no_reduce_shared_memory_bank_conflicts=[None], use_igemm_convolution=[None])",[2],,#iree_gpu.mma_layout<MFMA_F32_16x16x32_F8E4M3FNUZ>,256,128,128,128,1,1,1,2,"['--iree-hal-target-device=hip', '--iree-hip-target=gfx942', '--compile-from=executable-sources']",769,True,"['--input=1', '--benchmark_repetitions=3']",True,hip://2,True,357.5,1680.0,269.67,4.6993,780,728,52,204,302.06,,tuning_2025_09_29_16_28/candidates/specs/769_spec.mlir
compute_gemm_4096_4096_8192_f8E4M3FNUZ_f32_tB,770,contraction,sharkmi300x-4,gfx942,4096,4096,8192,64,32,16,8,8,0,0,0,"[0, 1]",LLVMGPUVectorDistribute,"PipelineOptionsSearchSpace(prefetch_shared_memory=[True], no_reduce_shared_memory_bank_conflicts=[None], use_igemm_convolution=[None])",[2],,#iree_gpu.mma_layout<MFMA_F32_32x32x16_F8E4M3FNUZ>,256,256,128,64,4,1,4,1,"['--iree-hal-target-device=hip', '--iree-hip-target=gfx942', '--compile-from=executable-sources']",770,True,"['--input=1', '--benchmark_repetitions=3']",True,hip://2,True,357.5,837.33,269.67,2.34219,768,551,217,204,302.06,,tuning_2025_09_29_16_28/candidates/specs/770_spec.mlir
compute_gemm_4096_4096_8192_f8E4M3FNUZ_f32_tB,771,contraction,sharkmi300x-4,gfx942,4096,4096,8192,64,16,32,8,8,0,0,0,"[0, 1]",LLVMGPUVectorDistribute,"PipelineOptionsSearchSpace(prefetch_shared_memory=[True], no_reduce_shared_memory_bank_conflicts=[None], use_igemm_convolution=[None])",[2],,#iree_gpu.mma_layout<MFMA_F32_16x16x32_F8E4M3FNUZ>,512,128,32,128,4,1,4,2,"['--iree-hal-target-device=hip', '--iree-hip-target=gfx942', '--compile-from=executable-sources']",771,True,"['--input=1', '--benchmark_repetitions=3']",True,hip://7,True,352.5,520.33,269.67,1.47612,726,327,399,204,302.06,,tuning_2025_09_29_16_28/candidates/specs/771_spec.mlir
compute_gemm_4096_4096_8192_f8E4M3FNUZ_f32_tB,772,contraction,sharkmi300x-4,gfx942,4096,4096,8192,64,32,16,8,8,0,0,0,"[0, 1]",LLVMGPUVectorDistribute,"PipelineOptionsSearchSpace(prefetch_shared_memory=[True], no_reduce_shared_memory_bank_conflicts=[None], use_igemm_convolution=[None])",[2],,#iree_gpu.mma_layout<MFMA_F32_32x32x16_F8E4M3FNUZ>,512,512,32,64,8,1,8,1,"['--iree-hal-target-device=hip', '--iree-hip-target=gfx942', '--compile-from=executable-sources']",772,True,"['--input=1', '--benchmark_repetitions=3']",True,hip://2,True,357.5,13100.0,269.67,36.64336,792,911,119,204,302.06,,tuning_2025_09_29_16_28/candidates/specs/772_spec.mlir
compute_gemm_4096_4096_8192_f8E4M3FNUZ_f32_tB,773,contraction,sharkmi300x-4,gfx942,4096,4096,8192,64,16,32,8,8,0,0,0,"[0, 1]",LLVMGPUVectorDistribute,"PipelineOptionsSearchSpace(prefetch_shared_memory=[True], no_reduce_shared_memory_bank_conflicts=[None], use_igemm_convolution=[None])",[2],,#iree_gpu.mma_layout<MFMA_F32_16x16x32_F8E4M3FNUZ>,128,32,256,64,2,1,2,1,"['--iree-hal-target-device=hip', '--iree-hip-target=gfx942', '--compile-from=executable-sources']",773,True,"['--input=1', '--benchmark_repetitions=3']",True,hip://2,True,357.5,681.0,269.67,1.9049,728,474,254,204,302.06,,tuning_2025_09_29_16_28/candidates/specs/773_spec.mlir
compute_gemm_4096_4096_8192_f8E4M3FNUZ_f32_tB,774,contraction,sharkmi300x-4,gfx942,4096,4096,8192,64,16,32,8,8,0,0,0,"[0, 1]",LLVMGPUVectorDistribute,"PipelineOptionsSearchSpace(prefetch_shared_memory=[True], no_reduce_shared_memory_bank_conflicts=[None], use_igemm_convolution=[None])",[2],,#iree_gpu.mma_layout<MFMA_F32_16x16x32_F8E4M3FNUZ>,128,64,128,128,1,1,1,2,"['--iree-hal-target-device=hip', '--iree-hip-target=gfx942', '--compile-from=executable-sources']",774,True,"['--input=1', '--benchmark_repetitions=3']",True,hip://5,True,360.33,377.33,269.67,1.04718,729,119,610,204,302.06,,tuning_2025_09_29_16_28/candidates/specs/774_spec.mlir
compute_gemm_4096_4096_8192_f8E4M3FNUZ_f32_tB,775,contraction,sharkmi300x-4,gfx942,4096,4096,8192,64,16,32,8,8,0,0,0,"[0, 1]",LLVMGPUVectorDistribute,"PipelineOptionsSearchSpace(prefetch_shared_memory=[True], no_reduce_shared_memory_bank_conflicts=[None], use_igemm_convolution=[None])",[2],,#iree_gpu.mma_layout<MFMA_F32_16x16x32_F8E4M3FNUZ>,32,512,32,256,1,1,1,4,"['--iree-hal-target-device=hip', '--iree-hip-target=gfx942', '--compile-from=executable-sources']",775,True,"['--input=1', '--benchmark_repetitions=3']",True,hip://7,True,352.5,824.33,269.67,2.33853,722,548,174,204,302.06,,tuning_2025_09_29_16_28/candidates/specs/775_spec.mlir
compute_gemm_4096_4096_8192_f8E4M3FNUZ_f32_tB,776,contraction,sharkmi300x-4,gfx942,4096,4096,8192,64,16,32,8,8,0,0,0,"[0, 1]",LLVMGPUVectorDistribute,"PipelineOptionsSearchSpace(prefetch_shared_memory=[True], no_reduce_shared_memory_bank_conflicts=[None], use_igemm_convolution=[None])",[2],,#iree_gpu.mma_layout<MFMA_F32_16x16x32_F8E4M3FNUZ>,512,32,32,64,4,1,4,1,"['--iree-hal-target-device=hip', '--iree-hip-target=gfx942', '--compile-from=executable-sources']",776,True,"['--input=1', '--benchmark_repetitions=3']",True,hip://5,True,360.33,1013.33,269.67,2.81221,725,624,101,204,302.06,,tuning_2025_09_29_16_28/candidates/specs/776_spec.mlir
compute_gemm_4096_4096_8192_f8E4M3FNUZ_f32_tB,777,contraction,sharkmi300x-4,gfx942,4096,4096,8192,64,32,16,8,8,0,0,0,"[0, 1]",LLVMGPUVectorDistribute,"PipelineOptionsSearchSpace(prefetch_shared_memory=[True], no_reduce_shared_memory_bank_conflicts=[None], use_igemm_convolution=[None])",[2],,#iree_gpu.mma_layout<MFMA_F32_32x32x16_F8E4M3FNUZ>,64,128,128,128,2,1,2,2,"['--iree-hal-target-device=hip', '--iree-hip-target=gfx942', '--compile-from=executable-sources']",777,True,"['--input=1', '--benchmark_repetitions=3']",True,hip://6,True,357.33,322.0,269.67,0.90112,723,45,678,204,302.06,,tuning_2025_09_29_16_28/candidates/specs/777_spec.mlir
compute_gemm_4096_4096_8192_f8E4M3FNUZ_f32_tB,778,contraction,sharkmi300x-4,gfx942,4096,4096,8192,64,16,32,8,8,0,0,0,"[0, 1]",LLVMGPUVectorDistribute,"PipelineOptionsSearchSpace(prefetch_shared_memory=[True], no_reduce_shared_memory_bank_conflicts=[None], use_igemm_convolution=[None])",[2],,#iree_gpu.mma_layout<MFMA_F32_16x16x32_F8E4M3FNUZ>,32,512,32,512,1,1,1,8,"['--iree-hal-target-device=hip', '--iree-hip-target=gfx942', '--compile-from=executable-sources']",778,True,"['--input=1', '--benchmark_repetitions=3']",True,hip://2,True,357.5,854.0,269.67,2.38881,720,562,158,204,302.06,,tuning_2025_09_29_16_28/candidates/specs/778_spec.mlir
compute_gemm_4096_4096_8192_f8E4M3FNUZ_f32_tB,779,contraction,sharkmi300x-4,gfx942,4096,4096,8192,64,32,16,8,8,0,0,0,"[0, 1]",LLVMGPUVectorDistribute,"PipelineOptionsSearchSpace(prefetch_shared_memory=[True], no_reduce_shared_memory_bank_conflicts=[None], use_igemm_convolution=[None])",[2],,#iree_gpu.mma_layout<MFMA_F32_32x32x16_F8E4M3FNUZ>,256,128,32,64,1,1,1,1,"['--iree-hal-target-device=hip', '--iree-hip-target=gfx942', '--compile-from=executable-sources']",779,True,"['--input=1', '--benchmark_repetitions=3']",True,hip://7,True,352.5,9450.0,269.67,26.80851,806,882,76,204,302.06,,tuning_2025_09_29_16_28/candidates/specs/779_spec.mlir
compute_gemm_4096_4096_8192_f8E4M3FNUZ_f32_tB,780,contraction,sharkmi300x-4,gfx942,4096,4096,8192,64,32,16,8,8,0,0,0,"[0, 1]",LLVMGPUVectorDistribute,"PipelineOptionsSearchSpace(prefetch_shared_memory=[True], no_reduce_shared_memory_bank_conflicts=[None], use_igemm_convolution=[None])",[2],,#iree_gpu.mma_layout<MFMA_F32_32x32x16_F8E4M3FNUZ>,32,512,64,256,1,1,1,4,"['--iree-hal-target-device=hip', '--iree-hip-target=gfx942', '--compile-from=executable-sources']",780,True,"['--input=1', '--benchmark_repetitions=3']",True,hip://7,True,352.5,618.33,269.67,1.75414,734,421,313,204,302.06,,tuning_2025_09_29_16_28/candidates/specs/780_spec.mlir
compute_gemm_4096_4096_8192_f8E4M3FNUZ_f32_tB,781,contraction,sharkmi300x-4,gfx942,4096,4096,8192,64,16,32,8,8,0,0,0,"[0, 1]",LLVMGPUVectorDistribute,"PipelineOptionsSearchSpace(prefetch_shared_memory=[True], no_reduce_shared_memory_bank_conflicts=[None], use_igemm_convolution=[None])",[2],,#iree_gpu.mma_layout<MFMA_F32_16x16x32_F8E4M3FNUZ>,256,32,128,64,8,1,8,1,"['--iree-hal-target-device=hip', '--iree-hip-target=gfx942', '--compile-from=executable-sources']",781,True,"['--input=1', '--benchmark_repetitions=3']",True,hip://7,True,352.5,493.0,269.67,1.39858,730,290,440,204,302.06,,tuning_2025_09_29_16_28/candidates/specs/781_spec.mlir
compute_gemm_4096_4096_8192_f8E4M3FNUZ_f32_tB,782,contraction,sharkmi300x-4,gfx942,4096,4096,8192,64,32,16,8,8,0,0,0,"[0, 1]",LLVMGPUVectorDistribute,"PipelineOptionsSearchSpace(prefetch_shared_memory=[True], no_reduce_shared_memory_bank_conflicts=[None], use_igemm_convolution=[None])",[2],,#iree_gpu.mma_layout<MFMA_F32_32x32x16_F8E4M3FNUZ>,512,32,32,64,8,1,8,1,"['--iree-hal-target-device=hip', '--iree-hip-target=gfx942', '--compile-from=executable-sources']",782,True,"['--input=1', '--benchmark_repetitions=3']",True,hip://5,True,360.33,956.0,269.67,2.6531,733,598,135,204,302.06,,tuning_2025_09_29_16_28/candidates/specs/782_spec.mlir
compute_gemm_4096_4096_8192_f8E4M3FNUZ_f32_tB,783,contraction,sharkmi300x-4,gfx942,4096,4096,8192,64,16,32,8,8,0,0,0,"[0, 1]",LLVMGPUVectorDistribute,"PipelineOptionsSearchSpace(prefetch_shared_memory=[True], no_reduce_shared_memory_bank_conflicts=[None], use_igemm_convolution=[None])",[2],,#iree_gpu.mma_layout<MFMA_F32_16x16x32_F8E4M3FNUZ>,128,16,32,64,2,1,2,1,"['--iree-hal-target-device=hip', '--iree-hip-target=gfx942', '--compile-from=executable-sources']",783,True,"['--input=1', '--benchmark_repetitions=3']",True,hip://2,True,357.5,1883.33,269.67,5.26807,732,756,24,204,302.06,,tuning_2025_09_29_16_28/candidates/specs/783_spec.mlir
compute_gemm_4096_4096_8192_f8E4M3FNUZ_f32_tB,784,contraction,sharkmi300x-4,gfx942,4096,4096,8192,64,32,16,8,8,0,0,0,"[0, 1]",LLVMGPUVectorDistribute,"PipelineOptionsSearchSpace(prefetch_shared_memory=[True], no_reduce_shared_memory_bank_conflicts=[None], use_igemm_convolution=[None])",[2],,#iree_gpu.mma_layout<MFMA_F32_32x32x16_F8E4M3FNUZ>,256,64,32,64,4,1,4,1,"['--iree-hal-target-device=hip', '--iree-hip-target=gfx942', '--compile-from=executable-sources']",784,True,"['--input=1', '--benchmark_repetitions=3']",True,hip://6,True,357.33,724.33,269.67,2.02705,743,504,239,204,302.06,,tuning_2025_09_29_16_28/candidates/specs/784_spec.mlir
compute_gemm_4096_4096_8192_f8E4M3FNUZ_f32_tB,785,contraction,sharkmi300x-4,gfx942,4096,4096,8192,64,32,16,8,8,0,0,0,"[0, 1]",LLVMGPUVectorDistribute,"PipelineOptionsSearchSpace(prefetch_shared_memory=[True], no_reduce_shared_memory_bank_conflicts=[None], use_igemm_convolution=[None])",[2],,#iree_gpu.mma_layout<MFMA_F32_32x32x16_F8E4M3FNUZ>,128,128,64,128,2,1,2,2,"['--iree-hal-target-device=hip', '--iree-hip-target=gfx942', '--compile-from=executable-sources']",785,True,"['--input=1', '--benchmark_repetitions=3']",True,hip://7,True,352.5,327.0,269.67,0.92766,742,62,680,204,302.06,,tuning_2025_09_29_16_28/candidates/specs/785_spec.mlir
compute_gemm_4096_4096_8192_f8E4M3FNUZ_f32_tB,786,contraction,sharkmi300x-4,gfx942,4096,4096,8192,64,16,32,8,8,0,0,0,"[0, 1]",LLVMGPUVectorDistribute,"PipelineOptionsSearchSpace(prefetch_shared_memory=[True], no_reduce_shared_memory_bank_conflicts=[None], use_igemm_convolution=[None])",[2],,#iree_gpu.mma_layout<MFMA_F32_16x16x32_F8E4M3FNUZ>,128,32,64,128,2,1,2,2,"['--iree-hal-target-device=hip', '--iree-hip-target=gfx942', '--compile-from=executable-sources']",786,True,"['--input=1', '--benchmark_repetitions=3']",True,hip://5,True,360.33,651.33,269.67,1.80759,737,440,297,204,302.06,,tuning_2025_09_29_16_28/candidates/specs/786_spec.mlir
compute_gemm_4096_4096_8192_f8E4M3FNUZ_f32_tB,787,contraction,sharkmi300x-4,gfx942,4096,4096,8192,64,16,32,8,8,0,0,0,"[0, 1]",LLVMGPUVectorDistribute,"PipelineOptionsSearchSpace(prefetch_shared_memory=[True], no_reduce_shared_memory_bank_conflicts=[None], use_igemm_convolution=[None])",[2],,#iree_gpu.mma_layout<MFMA_F32_16x16x32_F8E4M3FNUZ>,64,128,256,64,4,1,4,1,"['--iree-hal-target-device=hip', '--iree-hip-target=gfx942', '--compile-from=executable-sources']",787,True,"['--input=1', '--benchmark_repetitions=3']",True,hip://6,True,357.33,435.33,269.67,1.21828,747,207,540,204,302.06,,tuning_2025_09_29_16_28/candidates/specs/787_spec.mlir
compute_gemm_4096_4096_8192_f8E4M3FNUZ_f32_tB,788,contraction,sharkmi300x-4,gfx942,4096,4096,8192,64,32,16,8,8,0,0,0,"[0, 1]",LLVMGPUVectorDistribute,"PipelineOptionsSearchSpace(prefetch_shared_memory=[True], no_reduce_shared_memory_bank_conflicts=[None], use_igemm_convolution=[None])",[2],,#iree_gpu.mma_layout<MFMA_F32_32x32x16_F8E4M3FNUZ>,32,256,64,256,1,1,1,4,"['--iree-hal-target-device=hip', '--iree-hip-target=gfx942', '--compile-from=executable-sources']",788,True,"['--input=1', '--benchmark_repetitions=3']",True,hip://5,True,360.33,517.67,269.67,1.43663,741,305,436,204,302.06,,tuning_2025_09_29_16_28/candidates/specs/788_spec.mlir
compute_gemm_4096_4096_8192_f8E4M3FNUZ_f32_tB,789,contraction,sharkmi300x-4,gfx942,4096,4096,8192,64,16,32,8,8,0,0,0,"[0, 1]",LLVMGPUVectorDistribute,"PipelineOptionsSearchSpace(prefetch_shared_memory=[True], no_reduce_shared_memory_bank_conflicts=[None], use_igemm_convolution=[None])",[2],,#iree_gpu.mma_layout<MFMA_F32_16x16x32_F8E4M3FNUZ>,128,128,128,64,2,1,2,1,"['--iree-hal-target-device=hip', '--iree-hip-target=gfx942', '--compile-from=executable-sources']",789,True,"['--input=1', '--benchmark_repetitions=3']",True,hip://5,True,360.33,594.0,269.67,1.64847,760,398,362,204,302.06,,tuning_2025_09_29_16_28/candidates/specs/789_spec.mlir
compute_gemm_4096_4096_8192_f8E4M3FNUZ_f32_tB,790,contraction,sharkmi300x-4,gfx942,4096,4096,8192,64,32,16,8,8,0,0,0,"[0, 1]",LLVMGPUVectorDistribute,"PipelineOptionsSearchSpace(prefetch_shared_memory=[True], no_reduce_shared_memory_bank_conflicts=[None], use_igemm_convolution=[None])",[2],,#iree_gpu.mma_layout<MFMA_F32_32x32x16_F8E4M3FNUZ>,128,128,64,64,2,1,2,1,"['--iree-hal-target-device=hip', '--iree-hip-target=gfx942', '--compile-from=executable-sources']",790,True,"['--input=1', '--benchmark_repetitions=3']",True,hip://5,True,360.33,442.67,269.67,1.22849,752,210,542,204,302.06,,tuning_2025_09_29_16_28/candidates/specs/790_spec.mlir
compute_gemm_4096_4096_8192_f8E4M3FNUZ_f32_tB,791,contraction,sharkmi300x-4,gfx942,4096,4096,8192,64,16,32,8,8,0,0,0,"[0, 1]",LLVMGPUVectorDistribute,"PipelineOptionsSearchSpace(prefetch_shared_memory=[True], no_reduce_shared_memory_bank_conflicts=[None], use_igemm_convolution=[None])",[2],,#iree_gpu.mma_layout<MFMA_F32_16x16x32_F8E4M3FNUZ>,32,128,64,64,2,1,2,1,"['--iree-hal-target-device=hip', '--iree-hip-target=gfx942', '--compile-from=executable-sources']",791,True,"['--input=1', '--benchmark_repetitions=3']",True,hip://5,True,360.33,624.0,269.67,1.73173,745,414,331,204,302.06,,tuning_2025_09_29_16_28/candidates/specs/791_spec.mlir
compute_gemm_4096_4096_8192_f8E4M3FNUZ_f32_tB,792,contraction,sharkmi300x-4,gfx942,4096,4096,8192,64,16,32,8,8,0,0,0,"[0, 1]",LLVMGPUVectorDistribute,"PipelineOptionsSearchSpace(prefetch_shared_memory=[True], no_reduce_shared_memory_bank_conflicts=[None], use_igemm_convolution=[None])",[2],,#iree_gpu.mma_layout<MFMA_F32_16x16x32_F8E4M3FNUZ>,256,32,32,128,4,1,4,2,"['--iree-hal-target-device=hip', '--iree-hip-target=gfx942', '--compile-from=executable-sources']",792,True,"['--input=1', '--benchmark_repetitions=3']",True,hip://6,True,357.33,926.0,269.67,2.59142,739,590,149,204,302.06,,tuning_2025_09_29_16_28/candidates/specs/792_spec.mlir
compute_gemm_4096_4096_8192_f8E4M3FNUZ_f32_tB,793,contraction,sharkmi300x-4,gfx942,4096,4096,8192,64,16,32,8,8,0,0,0,"[0, 1]",LLVMGPUVectorDistribute,"PipelineOptionsSearchSpace(prefetch_shared_memory=[True], no_reduce_shared_memory_bank_conflicts=[None], use_igemm_convolution=[None])",[2],,#iree_gpu.mma_layout<MFMA_F32_16x16x32_F8E4M3FNUZ>,128,512,64,128,1,1,1,2,"['--iree-hal-target-device=hip', '--iree-hip-target=gfx942', '--compile-from=executable-sources']",793,True,"['--input=1', '--benchmark_repetitions=3']",True,hip://7,True,352.5,7613.33,269.67,21.59811,870,854,16,204,302.06,,tuning_2025_09_29_16_28/candidates/specs/793_spec.mlir
compute_gemm_4096_4096_8192_f8E4M3FNUZ_f32_tB,794,contraction,sharkmi300x-4,gfx942,4096,4096,8192,64,32,16,8,8,0,0,0,"[0, 1]",LLVMGPUVectorDistribute,"PipelineOptionsSearchSpace(prefetch_shared_memory=[True], no_reduce_shared_memory_bank_conflicts=[None], use_igemm_convolution=[None])",[2],,#iree_gpu.mma_layout<MFMA_F32_32x32x16_F8E4M3FNUZ>,32,64,64,64,1,1,1,1,"['--iree-hal-target-device=hip', '--iree-hip-target=gfx942', '--compile-from=executable-sources']",794,True,"['--input=1', '--benchmark_repetitions=3']",True,hip://5,True,360.33,659.0,269.67,1.82886,748,455,293,204,302.06,,tuning_2025_09_29_16_28/candidates/specs/794_spec.mlir
compute_gemm_4096_4096_8192_f8E4M3FNUZ_f32_tB,795,contraction,sharkmi300x-4,gfx942,4096,4096,8192,64,16,32,8,8,0,0,0,"[0, 1]",LLVMGPUVectorDistribute,"PipelineOptionsSearchSpace(prefetch_shared_memory=[True], no_reduce_shared_memory_bank_conflicts=[None], use_igemm_convolution=[None])",[2],,#iree_gpu.mma_layout<MFMA_F32_16x16x32_F8E4M3FNUZ>,128,16,256,64,2,1,2,1,"['--iree-hal-target-device=hip', '--iree-hip-target=gfx942', '--compile-from=executable-sources']",795,True,"['--input=1', '--benchmark_repetitions=3']",True,hip://7,True,352.5,959.67,269.67,2.72246,750,610,140,204,302.06,,tuning_2025_09_29_16_28/candidates/specs/795_spec.mlir
compute_gemm_4096_4096_8192_f8E4M3FNUZ_f32_tB,796,contraction,sharkmi300x-4,gfx942,4096,4096,8192,64,32,16,8,8,0,0,0,"[0, 1]",LLVMGPUVectorDistribute,"PipelineOptionsSearchSpace(prefetch_shared_memory=[True], no_reduce_shared_memory_bank_conflicts=[None], use_igemm_convolution=[None])",[2],,#iree_gpu.mma_layout<MFMA_F32_32x32x16_F8E4M3FNUZ>,256,128,64,128,2,1,2,2,"['--iree-hal-target-device=hip', '--iree-hip-target=gfx942', '--compile-from=executable-sources']",796,True,"['--input=1', '--benchmark_repetitions=3']",True,hip://6,True,357.33,338.33,269.67,0.94683,763,70,693,204,302.06,,tuning_2025_09_29_16_28/candidates/specs/796_spec.mlir
compute_gemm_4096_4096_8192_f8E4M3FNUZ_f32_tB,797,contraction,sharkmi300x-4,gfx942,4096,4096,8192,64,32,16,8,8,0,0,0,"[0, 1]",LLVMGPUVectorDistribute,"PipelineOptionsSearchSpace(prefetch_shared_memory=[True], no_reduce_shared_memory_bank_conflicts=[None], use_igemm_convolution=[None])",[2],,#iree_gpu.mma_layout<MFMA_F32_32x32x16_F8E4M3FNUZ>,512,512,32,64,4,1,4,1,"['--iree-hal-target-device=hip', '--iree-hip-target=gfx942', '--compile-from=executable-sources']",797,True,"['--input=1', '--benchmark_repetitions=3']",True,hip://6,True,357.33,29600.0,269.67,82.83582,935,950,15,204,302.06,,tuning_2025_09_29_16_28/candidates/specs/797_spec.mlir
compute_gemm_4096_4096_8192_f8E4M3FNUZ_f32_tB,798,contraction,sharkmi300x-4,gfx942,4096,4096,8192,64,16,32,8,8,0,0,0,"[0, 1]",LLVMGPUVectorDistribute,"PipelineOptionsSearchSpace(prefetch_shared_memory=[True], no_reduce_shared_memory_bank_conflicts=[None], use_igemm_convolution=[None])",[2],,#iree_gpu.mma_layout<MFMA_F32_16x16x32_F8E4M3FNUZ>,32,256,64,256,2,1,2,4,"['--iree-hal-target-device=hip', '--iree-hip-target=gfx942', '--compile-from=executable-sources']",798,True,"['--input=1', '--benchmark_repetitions=3']",True,hip://2,True,357.5,528.67,269.67,1.47879,749,330,419,204,302.06,,tuning_2025_09_29_16_28/candidates/specs/798_spec.mlir
compute_gemm_4096_4096_8192_f8E4M3FNUZ_f32_tB,799,contraction,sharkmi300x-4,gfx942,4096,4096,8192,64,32,16,8,8,0,0,0,"[0, 1]",LLVMGPUVectorDistribute,"PipelineOptionsSearchSpace(prefetch_shared_memory=[True], no_reduce_shared_memory_bank_conflicts=[None], use_igemm_convolution=[None])",[2],,#iree_gpu.mma_layout<MFMA_F32_32x32x16_F8E4M3FNUZ>,256,128,128,128,4,1,4,2,"['--iree-hal-target-device=hip', '--iree-hip-target=gfx942', '--compile-from=executable-sources']",799,True,"['--input=1', '--benchmark_repetitions=3']",True,hip://6,True,357.33,343.0,269.67,0.95989,759,77,682,204,302.06,,tuning_2025_09_29_16_28/candidates/specs/799_spec.mlir
compute_gemm_4096_4096_8192_f8E4M3FNUZ_f32_tB,800,contraction,sharkmi300x-4,gfx942,4096,4096,8192,64,16,32,8,8,0,0,0,"[0, 1]",LLVMGPUVectorDistribute,"PipelineOptionsSearchSpace(prefetch_shared_memory=[True], no_reduce_shared_memory_bank_conflicts=[None], use_igemm_convolution=[None])",[2],,#iree_gpu.mma_layout<MFMA_F32_16x16x32_F8E4M3FNUZ>,32,512,32,64,2,1,2,1,"['--iree-hal-target-device=hip', '--iree-hip-target=gfx942', '--compile-from=executable-sources']",800,True,"['--input=1', '--benchmark_repetitions=3']",True,hip://6,True,357.33,835.67,269.67,2.33862,767,549,218,204,302.06,,tuning_2025_09_29_16_28/candidates/specs/800_spec.mlir
compute_gemm_4096_4096_8192_f8E4M3FNUZ_f32_tB,801,contraction,sharkmi300x-4,gfx942,4096,4096,8192,64,32,16,8,8,0,0,0,"[0, 1]",LLVMGPUVectorDistribute,"PipelineOptionsSearchSpace(prefetch_shared_memory=[True], no_reduce_shared_memory_bank_conflicts=[None], use_igemm_convolution=[None])",[2],,#iree_gpu.mma_layout<MFMA_F32_32x32x16_F8E4M3FNUZ>,256,32,32,64,2,1,2,1,"['--iree-hal-target-device=hip', '--iree-hip-target=gfx942', '--compile-from=executable-sources']",801,True,"['--input=1', '--benchmark_repetitions=3']",True,hip://5,True,360.33,1036.67,269.67,2.87697,756,640,116,204,302.06,,tuning_2025_09_29_16_28/candidates/specs/801_spec.mlir
compute_gemm_4096_4096_8192_f8E4M3FNUZ_f32_tB,802,contraction,sharkmi300x-4,gfx942,4096,4096,8192,64,32,16,8,8,0,0,0,"[0, 1]",LLVMGPUVectorDistribute,"PipelineOptionsSearchSpace(prefetch_shared_memory=[True], no_reduce_shared_memory_bank_conflicts=[None], use_igemm_convolution=[None])",[2],,#iree_gpu.mma_layout<MFMA_F32_32x32x16_F8E4M3FNUZ>,256,128,64,64,1,1,1,1,"['--iree-hal-target-device=hip', '--iree-hip-target=gfx942', '--compile-from=executable-sources']",802,True,"['--input=1', '--benchmark_repetitions=3']",True,hip://5,True,360.33,8686.67,269.67,24.10731,845,871,26,204,302.06,,tuning_2025_09_29_16_28/candidates/specs/802_spec.mlir
compute_gemm_4096_4096_8192_f8E4M3FNUZ_f32_tB,803,contraction,sharkmi300x-4,gfx942,4096,4096,8192,64,32,16,8,8,0,0,0,"[0, 1]",LLVMGPUVectorDistribute,"PipelineOptionsSearchSpace(prefetch_shared_memory=[True], no_reduce_shared_memory_bank_conflicts=[None], use_igemm_convolution=[None])",[2],,#iree_gpu.mma_layout<MFMA_F32_32x32x16_F8E4M3FNUZ>,512,64,32,64,4,1,4,1,"['--iree-hal-target-device=hip', '--iree-hip-target=gfx942', '--compile-from=executable-sources']",803,True,"['--input=1', '--benchmark_repetitions=3']",True,hip://5,True,360.33,713.0,269.67,1.97872,769,490,279,204,302.06,,tuning_2025_09_29_16_28/candidates/specs/803_spec.mlir
compute_gemm_4096_4096_8192_f8E4M3FNUZ_f32_tB,804,contraction,sharkmi300x-4,gfx942,4096,4096,8192,64,16,32,8,8,0,0,0,"[0, 1]",LLVMGPUVectorDistribute,"PipelineOptionsSearchSpace(prefetch_shared_memory=[True], no_reduce_shared_memory_bank_conflicts=[None], use_igemm_convolution=[None])",[2],,#iree_gpu.mma_layout<MFMA_F32_16x16x32_F8E4M3FNUZ>,128,32,128,64,4,1,4,1,"['--iree-hal-target-device=hip', '--iree-hip-target=gfx942', '--compile-from=executable-sources']",804,True,"['--input=1', '--benchmark_repetitions=3']",True,hip://2,True,357.5,447.67,269.67,1.25221,753,219,534,204,302.06,,tuning_2025_09_29_16_28/candidates/specs/804_spec.mlir
compute_gemm_4096_4096_8192_f8E4M3FNUZ_f32_tB,805,contraction,sharkmi300x-4,gfx942,4096,4096,8192,64,16,32,8,8,0,0,0,"[0, 1]",LLVMGPUVectorDistribute,"PipelineOptionsSearchSpace(prefetch_shared_memory=[True], no_reduce_shared_memory_bank_conflicts=[None], use_igemm_convolution=[None])",[2],,#iree_gpu.mma_layout<MFMA_F32_16x16x32_F8E4M3FNUZ>,256,64,64,128,1,1,1,2,"['--iree-hal-target-device=hip', '--iree-hip-target=gfx942', '--compile-from=executable-sources']",805,True,"['--input=1', '--benchmark_repetitions=3']",True,hip://2,True,357.5,470.67,269.67,1.31655,772,244,528,204,302.06,,tuning_2025_09_29_16_28/candidates/specs/805_spec.mlir
compute_gemm_4096_4096_8192_f8E4M3FNUZ_f32_tB,806,contraction,sharkmi300x-4,gfx942,4096,4096,8192,64,16,32,8,8,0,0,0,"[0, 1]",LLVMGPUVectorDistribute,"PipelineOptionsSearchSpace(prefetch_shared_memory=[True], no_reduce_shared_memory_bank_conflicts=[None], use_igemm_convolution=[None])",[2],,#iree_gpu.mma_layout<MFMA_F32_16x16x32_F8E4M3FNUZ>,64,16,128,64,2,1,2,1,"['--iree-hal-target-device=hip', '--iree-hip-target=gfx942', '--compile-from=executable-sources']",806,True,"['--input=1', '--benchmark_repetitions=3']",True,hip://6,True,357.33,655.67,269.67,1.83489,751,460,291,204,302.06,,tuning_2025_09_29_16_28/candidates/specs/806_spec.mlir
compute_gemm_4096_4096_8192_f8E4M3FNUZ_f32_tB,807,contraction,sharkmi300x-4,gfx942,4096,4096,8192,64,16,32,8,8,0,0,0,"[0, 1]",LLVMGPUVectorDistribute,"PipelineOptionsSearchSpace(prefetch_shared_memory=[True], no_reduce_shared_memory_bank_conflicts=[None], use_igemm_convolution=[None])",[2],,#iree_gpu.mma_layout<MFMA_F32_16x16x32_F8E4M3FNUZ>,128,128,64,64,4,1,4,1,"['--iree-hal-target-device=hip', '--iree-hip-target=gfx942', '--compile-from=executable-sources']",807,True,"['--input=1', '--benchmark_repetitions=3']",True,hip://5,True,360.33,333.0,269.67,0.92414,764,59,705,204,302.06,,tuning_2025_09_29_16_28/candidates/specs/807_spec.mlir
compute_gemm_4096_4096_8192_f8E4M3FNUZ_f32_tB,808,contraction,sharkmi300x-4,gfx942,4096,4096,8192,64,16,32,8,8,0,0,0,"[0, 1]",LLVMGPUVectorDistribute,"PipelineOptionsSearchSpace(prefetch_shared_memory=[True], no_reduce_shared_memory_bank_conflicts=[None], use_igemm_convolution=[None])",[2],,#iree_gpu.mma_layout<MFMA_F32_16x16x32_F8E4M3FNUZ>,512,256,32,128,4,1,4,2,"['--iree-hal-target-device=hip', '--iree-hip-target=gfx942', '--compile-from=executable-sources']",808,True,"['--input=1', '--benchmark_repetitions=3']",True,hip://7,True,352.5,2033.33,269.67,5.76832,786,772,14,204,302.06,,tuning_2025_09_29_16_28/candidates/specs/808_spec.mlir
compute_gemm_4096_4096_8192_f8E4M3FNUZ_f32_tB,809,contraction,sharkmi300x-4,gfx942,4096,4096,8192,64,16,32,8,8,0,0,0,"[0, 1]",LLVMGPUVectorDistribute,"PipelineOptionsSearchSpace(prefetch_shared_memory=[True], no_reduce_shared_memory_bank_conflicts=[None], use_igemm_convolution=[None])",[2],,#iree_gpu.mma_layout<MFMA_F32_16x16x32_F8E4M3FNUZ>,128,32,64,128,1,1,1,2,"['--iree-hal-target-device=hip', '--iree-hip-target=gfx942', '--compile-from=executable-sources']",809,True,"['--input=1', '--benchmark_repetitions=3']",True,hip://2,True,357.5,621.67,269.67,1.73893,757,417,340,204,302.06,,tuning_2025_09_29_16_28/candidates/specs/809_spec.mlir
compute_gemm_4096_4096_8192_f8E4M3FNUZ_f32_tB,810,contraction,sharkmi300x-4,gfx942,4096,4096,8192,64,32,16,8,8,0,0,0,"[0, 1]",LLVMGPUVectorDistribute,"PipelineOptionsSearchSpace(prefetch_shared_memory=[True], no_reduce_shared_memory_bank_conflicts=[None], use_igemm_convolution=[None])",[2],,#iree_gpu.mma_layout<MFMA_F32_32x32x16_F8E4M3FNUZ>,128,64,256,64,4,1,4,1,"['--iree-hal-target-device=hip', '--iree-hip-target=gfx942', '--compile-from=executable-sources']",810,True,"['--input=1', '--benchmark_repetitions=3']",True,hip://7,True,352.5,406.0,269.67,1.15177,766,179,587,204,302.06,,tuning_2025_09_29_16_28/candidates/specs/810_spec.mlir
compute_gemm_4096_4096_8192_f8E4M3FNUZ_f32_tB,811,contraction,sharkmi300x-4,gfx942,4096,4096,8192,64,16,32,8,8,0,0,0,"[0, 1]",LLVMGPUVectorDistribute,"PipelineOptionsSearchSpace(prefetch_shared_memory=[True], no_reduce_shared_memory_bank_conflicts=[None], use_igemm_convolution=[None])",[2],,#iree_gpu.mma_layout<MFMA_F32_16x16x32_F8E4M3FNUZ>,128,512,64,64,4,1,4,1,"['--iree-hal-target-device=hip', '--iree-hip-target=gfx942', '--compile-from=executable-sources']",811,True,"['--input=1', '--benchmark_repetitions=3']",True,hip://5,True,360.33,896.33,269.67,2.48751,801,581,220,204,302.06,,tuning_2025_09_29_16_28/candidates/specs/811_spec.mlir
compute_gemm_4096_4096_8192_f8E4M3FNUZ_f32_tB,812,contraction,sharkmi300x-4,gfx942,4096,4096,8192,64,16,32,8,8,0,0,0,"[0, 1]",LLVMGPUVectorDistribute,"PipelineOptionsSearchSpace(prefetch_shared_memory=[True], no_reduce_shared_memory_bank_conflicts=[None], use_igemm_convolution=[None])",[2],,#iree_gpu.mma_layout<MFMA_F32_16x16x32_F8E4M3FNUZ>,256,128,32,64,2,1,2,1,"['--iree-hal-target-device=hip', '--iree-hip-target=gfx942', '--compile-from=executable-sources']",812,True,"['--input=1', '--benchmark_repetitions=3']",True,hip://6,True,357.33,2050.0,269.67,5.73694,787,770,17,204,302.06,,tuning_2025_09_29_16_28/candidates/specs/812_spec.mlir
compute_gemm_4096_4096_8192_f8E4M3FNUZ_f32_tB,813,contraction,sharkmi300x-4,gfx942,4096,4096,8192,64,32,16,8,8,0,0,0,"[0, 1]",LLVMGPUVectorDistribute,"PipelineOptionsSearchSpace(prefetch_shared_memory=[True], no_reduce_shared_memory_bank_conflicts=[None], use_igemm_convolution=[None])",[2],,#iree_gpu.mma_layout<MFMA_F32_32x32x16_F8E4M3FNUZ>,128,512,32,64,1,1,1,1,"['--iree-hal-target-device=hip', '--iree-hip-target=gfx942', '--compile-from=executable-sources']",813,True,"['--input=1', '--benchmark_repetitions=3']",True,hip://2,True,357.5,18900.0,269.67,52.86713,937,942,5,204,302.06,,tuning_2025_09_29_16_28/candidates/specs/813_spec.mlir
compute_gemm_4096_4096_8192_f8E4M3FNUZ_f32_tB,814,contraction,sharkmi300x-4,gfx942,4096,4096,8192,64,32,16,8,8,0,0,0,"[0, 1]",LLVMGPUVectorDistribute,"PipelineOptionsSearchSpace(prefetch_shared_memory=[True], no_reduce_shared_memory_bank_conflicts=[None], use_igemm_convolution=[None])",[2],,#iree_gpu.mma_layout<MFMA_F32_32x32x16_F8E4M3FNUZ>,128,32,64,64,4,1,4,1,"['--iree-hal-target-device=hip', '--iree-hip-target=gfx942', '--compile-from=executable-sources']",814,True,"['--input=1', '--benchmark_repetitions=3']",True,hip://2,True,357.5,595.0,269.67,1.66434,765,401,364,204,302.06,,tuning_2025_09_29_16_28/candidates/specs/814_spec.mlir
compute_gemm_4096_4096_8192_f8E4M3FNUZ_f32_tB,815,contraction,sharkmi300x-4,gfx942,4096,4096,8192,64,16,32,8,8,0,0,0,"[0, 1]",LLVMGPUVectorDistribute,"PipelineOptionsSearchSpace(prefetch_shared_memory=[True], no_reduce_shared_memory_bank_conflicts=[None], use_igemm_convolution=[None])",[2],,#iree_gpu.mma_layout<MFMA_F32_16x16x32_F8E4M3FNUZ>,512,128,64,512,1,1,1,8,"['--iree-hal-target-device=hip', '--iree-hip-target=gfx942', '--compile-from=executable-sources']",815,True,"['--input=1', '--benchmark_repetitions=3']",True,hip://5,True,360.33,373.67,269.67,1.037,785,114,671,204,302.06,,tuning_2025_09_29_16_28/candidates/specs/815_spec.mlir
compute_gemm_4096_4096_8192_f8E4M3FNUZ_f32_tB,816,contraction,sharkmi300x-4,gfx942,4096,4096,8192,64,32,16,8,8,0,0,0,"[0, 1]",LLVMGPUVectorDistribute,"PipelineOptionsSearchSpace(prefetch_shared_memory=[True], no_reduce_shared_memory_bank_conflicts=[None], use_igemm_convolution=[None])",[2],,#iree_gpu.mma_layout<MFMA_F32_32x32x16_F8E4M3FNUZ>,256,512,64,64,4,1,4,1,"['--iree-hal-target-device=hip', '--iree-hip-target=gfx942', '--compile-from=executable-sources']",816,True,"['--input=1', '--benchmark_repetitions=3']",True,hip://6,True,357.33,11100.0,269.67,31.06343,861,895,34,204,302.06,,tuning_2025_09_29_16_28/candidates/specs/816_spec.mlir
compute_gemm_4096_4096_8192_f8E4M3FNUZ_f32_tB,817,contraction,sharkmi300x-4,gfx942,4096,4096,8192,64,16,32,8,8,0,0,0,"[0, 1]",LLVMGPUVectorDistribute,"PipelineOptionsSearchSpace(prefetch_shared_memory=[True], no_reduce_shared_memory_bank_conflicts=[None], use_igemm_convolution=[None])",[2],,#iree_gpu.mma_layout<MFMA_F32_16x16x32_F8E4M3FNUZ>,256,64,64,256,2,1,2,4,"['--iree-hal-target-device=hip', '--iree-hip-target=gfx942', '--compile-from=executable-sources']",817,True,"['--input=1', '--benchmark_repetitions=3']",True,hip://7,True,352.5,409.67,269.67,1.16217,770,185,585,204,302.06,,tuning_2025_09_29_16_28/candidates/specs/817_spec.mlir
compute_gemm_4096_4096_8192_f8E4M3FNUZ_f32_tB,818,contraction,sharkmi300x-4,gfx942,4096,4096,8192,64,16,32,8,8,0,0,0,"[0, 1]",LLVMGPUVectorDistribute,"PipelineOptionsSearchSpace(prefetch_shared_memory=[True], no_reduce_shared_memory_bank_conflicts=[None], use_igemm_convolution=[None])",[2],,#iree_gpu.mma_layout<MFMA_F32_16x16x32_F8E4M3FNUZ>,16,128,32,64,1,1,1,1,"['--iree-hal-target-device=hip', '--iree-hip-target=gfx942', '--compile-from=executable-sources']",818,True,"['--input=1', '--benchmark_repetitions=3']",True,hip://6,True,357.33,1720.0,269.67,4.81343,771,734,37,204,302.06,,tuning_2025_09_29_16_28/candidates/specs/818_spec.mlir
compute_gemm_4096_4096_8192_f8E4M3FNUZ_f32_tB,819,contraction,sharkmi300x-4,gfx942,4096,4096,8192,64,32,16,8,8,0,0,0,"[0, 1]",LLVMGPUVectorDistribute,"PipelineOptionsSearchSpace(prefetch_shared_memory=[True], no_reduce_shared_memory_bank_conflicts=[None], use_igemm_convolution=[None])",[2],,#iree_gpu.mma_layout<MFMA_F32_32x32x16_F8E4M3FNUZ>,256,128,64,128,1,1,1,2,"['--iree-hal-target-device=hip', '--iree-hip-target=gfx942', '--compile-from=executable-sources']",819,True,"['--input=1', '--benchmark_repetitions=3']",True,hip://5,True,360.33,341.67,269.67,0.9482,805,72,733,204,302.06,,tuning_2025_09_29_16_28/candidates/specs/819_spec.mlir
compute_gemm_4096_4096_8192_f8E4M3FNUZ_f32_tB,820,contraction,sharkmi300x-4,gfx942,4096,4096,8192,64,16,32,8,8,0,0,0,"[0, 1]",LLVMGPUVectorDistribute,"PipelineOptionsSearchSpace(prefetch_shared_memory=[True], no_reduce_shared_memory_bank_conflicts=[None], use_igemm_convolution=[None])",[2],,#iree_gpu.mma_layout<MFMA_F32_16x16x32_F8E4M3FNUZ>,256,16,128,64,2,1,2,1,"['--iree-hal-target-device=hip', '--iree-hip-target=gfx942', '--compile-from=executable-sources']",820,True,"['--input=1', '--benchmark_repetitions=3']",True,hip://6,True,357.33,968.0,269.67,2.70896,775,607,168,204,302.06,,tuning_2025_09_29_16_28/candidates/specs/820_spec.mlir
compute_gemm_4096_4096_8192_f8E4M3FNUZ_f32_tB,821,contraction,sharkmi300x-4,gfx942,4096,4096,8192,64,16,32,8,8,0,0,0,"[0, 1]",LLVMGPUVectorDistribute,"PipelineOptionsSearchSpace(prefetch_shared_memory=[True], no_reduce_shared_memory_bank_conflicts=[None], use_igemm_convolution=[None])",[2],,#iree_gpu.mma_layout<MFMA_F32_16x16x32_F8E4M3FNUZ>,64,256,32,128,1,1,1,2,"['--iree-hal-target-device=hip', '--iree-hip-target=gfx942', '--compile-from=executable-sources']",821,True,"['--input=1', '--benchmark_repetitions=3']",True,hip://6,True,357.33,530.0,269.67,1.48321,783,334,449,204,302.06,,tuning_2025_09_29_16_28/candidates/specs/821_spec.mlir
compute_gemm_4096_4096_8192_f8E4M3FNUZ_f32_tB,822,contraction,sharkmi300x-4,gfx942,4096,4096,8192,64,16,32,8,8,0,0,0,"[0, 1]",LLVMGPUVectorDistribute,"PipelineOptionsSearchSpace(prefetch_shared_memory=[True], no_reduce_shared_memory_bank_conflicts=[None], use_igemm_convolution=[None])",[2],,#iree_gpu.mma_layout<MFMA_F32_16x16x32_F8E4M3FNUZ>,256,512,64,128,2,1,2,2,"['--iree-hal-target-device=hip', '--iree-hip-target=gfx942', '--compile-from=executable-sources']",822,True,"['--input=1', '--benchmark_repetitions=3']",True,hip://6,True,357.33,6590.0,269.67,18.44216,887,837,50,204,302.06,,tuning_2025_09_29_16_28/candidates/specs/822_spec.mlir
compute_gemm_4096_4096_8192_f8E4M3FNUZ_f32_tB,823,contraction,sharkmi300x-4,gfx942,4096,4096,8192,64,16,32,8,8,0,0,0,"[0, 1]",LLVMGPUVectorDistribute,"PipelineOptionsSearchSpace(prefetch_shared_memory=[True], no_reduce_shared_memory_bank_conflicts=[None], use_igemm_convolution=[None])",[2],,#iree_gpu.mma_layout<MFMA_F32_16x16x32_F8E4M3FNUZ>,64,32,128,64,1,1,1,1,"['--iree-hal-target-device=hip', '--iree-hip-target=gfx942', '--compile-from=executable-sources']",823,True,"['--input=1', '--benchmark_repetitions=3']",True,hip://5,True,360.33,475.67,269.67,1.32007,773,247,526,204,302.06,,tuning_2025_09_29_16_28/candidates/specs/823_spec.mlir
compute_gemm_4096_4096_8192_f8E4M3FNUZ_f32_tB,824,contraction,sharkmi300x-4,gfx942,4096,4096,8192,64,16,32,8,8,0,0,0,"[0, 1]",LLVMGPUVectorDistribute,"PipelineOptionsSearchSpace(prefetch_shared_memory=[True], no_reduce_shared_memory_bank_conflicts=[None], use_igemm_convolution=[None])",[2],,#iree_gpu.mma_layout<MFMA_F32_16x16x32_F8E4M3FNUZ>,64,256,128,256,1,1,1,4,"['--iree-hal-target-device=hip', '--iree-hip-target=gfx942', '--compile-from=executable-sources']",824,True,"['--input=1', '--benchmark_repetitions=3']",True,hip://5,True,360.33,488.33,269.67,1.35523,781,261,520,204,302.06,,tuning_2025_09_29_16_28/candidates/specs/824_spec.mlir
compute_gemm_4096_4096_8192_f8E4M3FNUZ_f32_tB,825,contraction,sharkmi300x-4,gfx942,4096,4096,8192,64,32,16,8,8,0,0,0,"[0, 1]",LLVMGPUVectorDistribute,"PipelineOptionsSearchSpace(prefetch_shared_memory=[True], no_reduce_shared_memory_bank_conflicts=[None], use_igemm_convolution=[None])",[2],,#iree_gpu.mma_layout<MFMA_F32_32x32x16_F8E4M3FNUZ>,256,128,32,64,2,1,2,1,"['--iree-hal-target-device=hip', '--iree-hip-target=gfx942', '--compile-from=executable-sources']",825,True,"['--input=1', '--benchmark_repetitions=3']",True,hip://6,True,357.33,3846.67,269.67,10.76493,803,810,7,204,302.06,,tuning_2025_09_29_16_28/candidates/specs/825_spec.mlir
compute_gemm_4096_4096_8192_f8E4M3FNUZ_f32_tB,826,contraction,sharkmi300x-4,gfx942,4096,4096,8192,64,16,32,8,8,0,0,0,"[0, 1]",LLVMGPUVectorDistribute,"PipelineOptionsSearchSpace(prefetch_shared_memory=[True], no_reduce_shared_memory_bank_conflicts=[None], use_igemm_convolution=[None])",[2],,#iree_gpu.mma_layout<MFMA_F32_16x16x32_F8E4M3FNUZ>,32,128,256,128,1,1,1,2,"['--iree-hal-target-device=hip', '--iree-hip-target=gfx942', '--compile-from=executable-sources']",826,True,"['--input=1', '--benchmark_repetitions=3']",True,hip://7,True,352.5,666.0,269.67,1.88936,782,471,311,204,302.06,,tuning_2025_09_29_16_28/candidates/specs/826_spec.mlir
compute_gemm_4096_4096_8192_f8E4M3FNUZ_f32_tB,827,contraction,sharkmi300x-4,gfx942,4096,4096,8192,64,16,32,8,8,0,0,0,"[0, 1]",LLVMGPUVectorDistribute,"PipelineOptionsSearchSpace(prefetch_shared_memory=[True], no_reduce_shared_memory_bank_conflicts=[None], use_igemm_convolution=[None])",[2],,#iree_gpu.mma_layout<MFMA_F32_16x16x32_F8E4M3FNUZ>,256,64,64,256,1,1,1,4,"['--iree-hal-target-device=hip', '--iree-hip-target=gfx942', '--compile-from=executable-sources']",827,True,"['--input=1', '--benchmark_repetitions=3']",True,hip://2,True,357.5,404.0,269.67,1.13007,784,164,620,204,302.06,,tuning_2025_09_29_16_28/candidates/specs/827_spec.mlir
compute_gemm_4096_4096_8192_f8E4M3FNUZ_f32_tB,828,contraction,sharkmi300x-4,gfx942,4096,4096,8192,64,16,32,8,8,0,0,0,"[0, 1]",LLVMGPUVectorDistribute,"PipelineOptionsSearchSpace(prefetch_shared_memory=[True], no_reduce_shared_memory_bank_conflicts=[None], use_igemm_convolution=[None])",[2],,#iree_gpu.mma_layout<MFMA_F32_16x16x32_F8E4M3FNUZ>,64,128,256,64,2,1,2,1,"['--iree-hal-target-device=hip', '--iree-hip-target=gfx942', '--compile-from=executable-sources']",828,True,"['--input=1', '--benchmark_repetitions=3']",True,hip://5,True,360.33,528.0,269.67,1.46531,789,323,466,204,302.06,,tuning_2025_09_29_16_28/candidates/specs/828_spec.mlir
compute_gemm_4096_4096_8192_f8E4M3FNUZ_f32_tB,829,contraction,sharkmi300x-4,gfx942,4096,4096,8192,64,32,16,8,8,0,0,0,"[0, 1]",LLVMGPUVectorDistribute,"PipelineOptionsSearchSpace(prefetch_shared_memory=[True], no_reduce_shared_memory_bank_conflicts=[None], use_igemm_convolution=[None])",[2],,#iree_gpu.mma_layout<MFMA_F32_32x32x16_F8E4M3FNUZ>,128,64,256,128,4,1,4,2,"['--iree-hal-target-device=hip', '--iree-hip-target=gfx942', '--compile-from=executable-sources']",829,True,"['--input=1', '--benchmark_repetitions=3']",True,hip://7,True,352.5,357.33,269.67,1.01371,778,106,672,204,302.06,,tuning_2025_09_29_16_28/candidates/specs/829_spec.mlir
compute_gemm_4096_4096_8192_f8E4M3FNUZ_f32_tB,830,contraction,sharkmi300x-4,gfx942,4096,4096,8192,64,32,16,8,8,0,0,0,"[0, 1]",LLVMGPUVectorDistribute,"PipelineOptionsSearchSpace(prefetch_shared_memory=[True], no_reduce_shared_memory_bank_conflicts=[None], use_igemm_convolution=[None])",[2],,#iree_gpu.mma_layout<MFMA_F32_32x32x16_F8E4M3FNUZ>,128,32,32,64,2,1,2,1,"['--iree-hal-target-device=hip', '--iree-hip-target=gfx942', '--compile-from=executable-sources']",830,True,"['--input=1', '--benchmark_repetitions=3']",True,hip://6,True,357.33,1130.0,269.67,3.16231,779,669,110,204,302.06,,tuning_2025_09_29_16_28/candidates/specs/830_spec.mlir
compute_gemm_4096_4096_8192_f8E4M3FNUZ_f32_tB,831,contraction,sharkmi300x-4,gfx942,4096,4096,8192,64,16,32,8,8,0,0,0,"[0, 1]",LLVMGPUVectorDistribute,"PipelineOptionsSearchSpace(prefetch_shared_memory=[True], no_reduce_shared_memory_bank_conflicts=[None], use_igemm_convolution=[None])",[2],,#iree_gpu.mma_layout<MFMA_F32_16x16x32_F8E4M3FNUZ>,32,256,32,128,2,1,2,2,"['--iree-hal-target-device=hip', '--iree-hip-target=gfx942', '--compile-from=executable-sources']",831,True,"['--input=1', '--benchmark_repetitions=3']",True,hip://2,True,357.5,827.67,269.67,2.31515,776,543,233,204,302.06,,tuning_2025_09_29_16_28/candidates/specs/831_spec.mlir
compute_gemm_4096_4096_8192_f8E4M3FNUZ_f32_tB,832,contraction,sharkmi300x-4,gfx942,4096,4096,8192,64,16,32,8,8,0,0,0,"[0, 1]",LLVMGPUVectorDistribute,"PipelineOptionsSearchSpace(prefetch_shared_memory=[True], no_reduce_shared_memory_bank_conflicts=[None], use_igemm_convolution=[None])",[2],,#iree_gpu.mma_layout<MFMA_F32_16x16x32_F8E4M3FNUZ>,256,128,64,128,2,1,2,2,"['--iree-hal-target-device=hip', '--iree-hip-target=gfx942', '--compile-from=executable-sources']",832,True,"['--input=1', '--benchmark_repetitions=3']",True,hip://2,True,357.5,318.33,269.67,0.89044,788,35,753,204,302.06,,tuning_2025_09_29_16_28/candidates/specs/832_spec.mlir
compute_gemm_4096_4096_8192_f8E4M3FNUZ_f32_tB,833,contraction,sharkmi300x-4,gfx942,4096,4096,8192,64,16,32,8,8,0,0,0,"[0, 1]",LLVMGPUVectorDistribute,"PipelineOptionsSearchSpace(prefetch_shared_memory=[True], no_reduce_shared_memory_bank_conflicts=[None], use_igemm_convolution=[None])",[2],,#iree_gpu.mma_layout<MFMA_F32_16x16x32_F8E4M3FNUZ>,128,512,32,256,1,1,1,4,"['--iree-hal-target-device=hip', '--iree-hip-target=gfx942', '--compile-from=executable-sources']",833,True,"['--input=1', '--benchmark_repetitions=3']",True,hip://6,True,357.33,1613.33,269.67,4.51493,807,721,86,204,302.06,,tuning_2025_09_29_16_28/candidates/specs/833_spec.mlir
compute_gemm_4096_4096_8192_f8E4M3FNUZ_f32_tB,834,contraction,sharkmi300x-4,gfx942,4096,4096,8192,64,32,16,8,8,0,0,0,"[0, 1]",LLVMGPUVectorDistribute,"PipelineOptionsSearchSpace(prefetch_shared_memory=[True], no_reduce_shared_memory_bank_conflicts=[None], use_igemm_convolution=[None])",[2],,#iree_gpu.mma_layout<MFMA_F32_32x32x16_F8E4M3FNUZ>,256,512,32,128,4,1,4,2,"['--iree-hal-target-device=hip', '--iree-hip-target=gfx942', '--compile-from=executable-sources']",834,True,"['--input=1', '--benchmark_repetitions=3']",True,hip://7,True,352.5,2526.67,269.67,7.16785,810,789,21,204,302.06,,tuning_2025_09_29_16_28/candidates/specs/834_spec.mlir
compute_gemm_4096_4096_8192_f8E4M3FNUZ_f32_tB,835,contraction,sharkmi300x-4,gfx942,4096,4096,8192,64,32,16,8,8,0,0,0,"[0, 1]",LLVMGPUVectorDistribute,"PipelineOptionsSearchSpace(prefetch_shared_memory=[True], no_reduce_shared_memory_bank_conflicts=[None], use_igemm_convolution=[None])",[2],,#iree_gpu.mma_layout<MFMA_F32_32x32x16_F8E4M3FNUZ>,32,256,32,64,1,1,1,1,"['--iree-hal-target-device=hip', '--iree-hip-target=gfx942', '--compile-from=executable-sources']",835,True,"['--input=1', '--benchmark_repetitions=3']",True,hip://7,True,352.5,941.0,269.67,2.6695,790,605,185,204,302.06,,tuning_2025_09_29_16_28/candidates/specs/835_spec.mlir
compute_gemm_4096_4096_8192_f8E4M3FNUZ_f32_tB,836,contraction,sharkmi300x-4,gfx942,4096,4096,8192,64,16,32,8,8,0,0,0,"[0, 1]",LLVMGPUVectorDistribute,"PipelineOptionsSearchSpace(prefetch_shared_memory=[True], no_reduce_shared_memory_bank_conflicts=[None], use_igemm_convolution=[None])",[2],,#iree_gpu.mma_layout<MFMA_F32_16x16x32_F8E4M3FNUZ>,256,256,32,256,2,1,2,4,"['--iree-hal-target-device=hip', '--iree-hip-target=gfx942', '--compile-from=executable-sources']",836,True,"['--input=1', '--benchmark_repetitions=3']",True,hip://6,True,357.33,380.0,269.67,1.06343,791,126,665,204,302.06,,tuning_2025_09_29_16_28/candidates/specs/836_spec.mlir
compute_gemm_4096_4096_8192_f8E4M3FNUZ_f32_tB,837,contraction,sharkmi300x-4,gfx942,4096,4096,8192,64,16,32,8,8,0,0,0,"[0, 1]",LLVMGPUVectorDistribute,"PipelineOptionsSearchSpace(prefetch_shared_memory=[True], no_reduce_shared_memory_bank_conflicts=[None], use_igemm_convolution=[None])",[2],,#iree_gpu.mma_layout<MFMA_F32_16x16x32_F8E4M3FNUZ>,128,512,32,64,8,1,8,1,"['--iree-hal-target-device=hip', '--iree-hip-target=gfx942', '--compile-from=executable-sources']",837,True,"['--input=1', '--benchmark_repetitions=3']",True,hip://7,True,352.5,497.0,269.67,1.40993,798,295,503,204,302.06,,tuning_2025_09_29_16_28/candidates/specs/837_spec.mlir
compute_gemm_4096_4096_8192_f8E4M3FNUZ_f32_tB,838,contraction,sharkmi300x-4,gfx942,4096,4096,8192,64,16,32,8,8,0,0,0,"[0, 1]",LLVMGPUVectorDistribute,"PipelineOptionsSearchSpace(prefetch_shared_memory=[True], no_reduce_shared_memory_bank_conflicts=[None], use_igemm_convolution=[None])",[2],,#iree_gpu.mma_layout<MFMA_F32_16x16x32_F8E4M3FNUZ>,256,128,128,64,2,1,2,1,"['--iree-hal-target-device=hip', '--iree-hip-target=gfx942', '--compile-from=executable-sources']",838,True,"['--input=1', '--benchmark_repetitions=3']",True,hip://7,True,352.5,1470.0,269.67,4.17021,842,702,140,204,302.06,,tuning_2025_09_29_16_28/candidates/specs/838_spec.mlir
compute_gemm_4096_4096_8192_f8E4M3FNUZ_f32_tB,839,contraction,sharkmi300x-4,gfx942,4096,4096,8192,64,16,32,8,8,0,0,0,"[0, 1]",LLVMGPUVectorDistribute,"PipelineOptionsSearchSpace(prefetch_shared_memory=[True], no_reduce_shared_memory_bank_conflicts=[None], use_igemm_convolution=[None])",[2],,#iree_gpu.mma_layout<MFMA_F32_16x16x32_F8E4M3FNUZ>,128,128,256,64,2,1,2,1,"['--iree-hal-target-device=hip', '--iree-hip-target=gfx942', '--compile-from=executable-sources']",839,True,"['--input=1', '--benchmark_repetitions=3']",True,hip://7,True,352.5,1106.67,269.67,3.13948,822,666,156,204,302.06,,tuning_2025_09_29_16_28/candidates/specs/839_spec.mlir
compute_gemm_4096_4096_8192_f8E4M3FNUZ_f32_tB,840,contraction,sharkmi300x-4,gfx942,4096,4096,8192,64,32,16,8,8,0,0,0,"[0, 1]",LLVMGPUVectorDistribute,"PipelineOptionsSearchSpace(prefetch_shared_memory=[True], no_reduce_shared_memory_bank_conflicts=[None], use_igemm_convolution=[None])",[2],,#iree_gpu.mma_layout<MFMA_F32_32x32x16_F8E4M3FNUZ>,128,256,64,128,4,1,4,2,"['--iree-hal-target-device=hip', '--iree-hip-target=gfx942', '--compile-from=executable-sources']",840,True,"['--input=1', '--benchmark_repetitions=3']",True,hip://6,True,357.33,298.67,269.67,0.83582,795,13,782,204,302.06,,tuning_2025_09_29_16_28/candidates/specs/840_spec.mlir
compute_gemm_4096_4096_8192_f8E4M3FNUZ_f32_tB,841,contraction,sharkmi300x-4,gfx942,4096,4096,8192,64,16,32,8,8,0,0,0,"[0, 1]",LLVMGPUVectorDistribute,"PipelineOptionsSearchSpace(prefetch_shared_memory=[True], no_reduce_shared_memory_bank_conflicts=[None], use_igemm_convolution=[None])",[2],,#iree_gpu.mma_layout<MFMA_F32_16x16x32_F8E4M3FNUZ>,256,64,32,128,1,1,1,2,"['--iree-hal-target-device=hip', '--iree-hip-target=gfx942', '--compile-from=executable-sources']",841,True,"['--input=1', '--benchmark_repetitions=3']",True,hip://2,True,357.5,737.0,269.67,2.06154,800,509,291,204,302.06,,tuning_2025_09_29_16_28/candidates/specs/841_spec.mlir
compute_gemm_4096_4096_8192_f8E4M3FNUZ_f32_tB,842,contraction,sharkmi300x-4,gfx942,4096,4096,8192,64,16,32,8,8,0,0,0,"[0, 1]",LLVMGPUVectorDistribute,"PipelineOptionsSearchSpace(prefetch_shared_memory=[True], no_reduce_shared_memory_bank_conflicts=[None], use_igemm_convolution=[None])",[2],,#iree_gpu.mma_layout<MFMA_F32_16x16x32_F8E4M3FNUZ>,32,128,64,64,1,1,1,1,"['--iree-hal-target-device=hip', '--iree-hip-target=gfx942', '--compile-from=executable-sources']",842,True,"['--input=1', '--benchmark_repetitions=3']",True,hip://5,True,360.33,545.67,269.67,1.51434,793,355,438,204,302.06,,tuning_2025_09_29_16_28/candidates/specs/842_spec.mlir
compute_gemm_4096_4096_8192_f8E4M3FNUZ_f32_tB,843,contraction,sharkmi300x-4,gfx942,4096,4096,8192,64,32,16,8,8,0,0,0,"[0, 1]",LLVMGPUVectorDistribute,"PipelineOptionsSearchSpace(prefetch_shared_memory=[True], no_reduce_shared_memory_bank_conflicts=[None], use_igemm_convolution=[None])",[2],,#iree_gpu.mma_layout<MFMA_F32_32x32x16_F8E4M3FNUZ>,512,64,64,64,1,1,1,1,"['--iree-hal-target-device=hip', '--iree-hip-target=gfx942', '--compile-from=executable-sources']",843,True,"['--input=1', '--benchmark_repetitions=3']",True,hip://7,True,352.5,14500.0,269.67,41.13475,886,922,36,204,302.06,,tuning_2025_09_29_16_28/candidates/specs/843_spec.mlir
compute_gemm_4096_4096_8192_f8E4M3FNUZ_f32_tB,844,contraction,sharkmi300x-4,gfx942,4096,4096,8192,64,32,16,8,8,0,0,0,"[0, 1]",LLVMGPUVectorDistribute,"PipelineOptionsSearchSpace(prefetch_shared_memory=[True], no_reduce_shared_memory_bank_conflicts=[None], use_igemm_convolution=[None])",[2],,#iree_gpu.mma_layout<MFMA_F32_32x32x16_F8E4M3FNUZ>,512,256,32,128,2,1,2,2,"['--iree-hal-target-device=hip', '--iree-hip-target=gfx942', '--compile-from=executable-sources']",844,True,"['--input=1', '--benchmark_repetitions=3']",True,hip://2,True,357.5,8016.67,269.67,22.42424,856,859,3,204,302.06,,tuning_2025_09_29_16_28/candidates/specs/844_spec.mlir
compute_gemm_4096_4096_8192_f8E4M3FNUZ_f32_tB,845,contraction,sharkmi300x-4,gfx942,4096,4096,8192,64,32,16,8,8,0,0,0,"[0, 1]",LLVMGPUVectorDistribute,"PipelineOptionsSearchSpace(prefetch_shared_memory=[True], no_reduce_shared_memory_bank_conflicts=[None], use_igemm_convolution=[None])",[2],,#iree_gpu.mma_layout<MFMA_F32_32x32x16_F8E4M3FNUZ>,64,64,128,64,1,1,1,1,"['--iree-hal-target-device=hip', '--iree-hip-target=gfx942', '--compile-from=executable-sources']",845,True,"['--input=1', '--benchmark_repetitions=3']",True,hip://5,True,360.33,395.33,269.67,1.09713,797,141,656,204,302.06,,tuning_2025_09_29_16_28/candidates/specs/845_spec.mlir
compute_gemm_4096_4096_8192_f8E4M3FNUZ_f32_tB,846,contraction,sharkmi300x-4,gfx942,4096,4096,8192,64,32,16,8,8,0,0,0,"[0, 1]",LLVMGPUVectorDistribute,"PipelineOptionsSearchSpace(prefetch_shared_memory=[True], no_reduce_shared_memory_bank_conflicts=[None], use_igemm_convolution=[None])",[2],,#iree_gpu.mma_layout<MFMA_F32_32x32x16_F8E4M3FNUZ>,64,512,64,512,1,1,1,8,"['--iree-hal-target-device=hip', '--iree-hip-target=gfx942', '--compile-from=executable-sources']",846,True,"['--input=1', '--benchmark_repetitions=3']",True,hip://2,True,357.5,511.33,269.67,1.4303,796,304,492,204,302.06,,tuning_2025_09_29_16_28/candidates/specs/846_spec.mlir
compute_gemm_4096_4096_8192_f8E4M3FNUZ_f32_tB,847,contraction,sharkmi300x-4,gfx942,4096,4096,8192,64,16,32,8,8,0,0,0,"[0, 1]",LLVMGPUVectorDistribute,"PipelineOptionsSearchSpace(prefetch_shared_memory=[True], no_reduce_shared_memory_bank_conflicts=[None], use_igemm_convolution=[None])",[2],,#iree_gpu.mma_layout<MFMA_F32_16x16x32_F8E4M3FNUZ>,128,256,32,64,4,1,4,1,"['--iree-hal-target-device=hip', '--iree-hip-target=gfx942', '--compile-from=executable-sources']",847,True,"['--input=1', '--benchmark_repetitions=3']",True,hip://7,True,352.5,389.33,269.67,1.10449,802,153,649,204,302.06,,tuning_2025_09_29_16_28/candidates/specs/847_spec.mlir
compute_gemm_4096_4096_8192_f8E4M3FNUZ_f32_tB,848,contraction,sharkmi300x-4,gfx942,4096,4096,8192,64,32,16,8,8,0,0,0,"[0, 1]",LLVMGPUVectorDistribute,"PipelineOptionsSearchSpace(prefetch_shared_memory=[True], no_reduce_shared_memory_bank_conflicts=[None], use_igemm_convolution=[None])",[2],,#iree_gpu.mma_layout<MFMA_F32_32x32x16_F8E4M3FNUZ>,512,128,32,64,4,1,4,1,"['--iree-hal-target-device=hip', '--iree-hip-target=gfx942', '--compile-from=executable-sources']",848,True,"['--input=1', '--benchmark_repetitions=3']",True,hip://6,True,357.33,3880.0,269.67,10.85821,819,812,7,204,302.06,,tuning_2025_09_29_16_28/candidates/specs/848_spec.mlir
compute_gemm_4096_4096_8192_f8E4M3FNUZ_f32_tB,849,contraction,sharkmi300x-4,gfx942,4096,4096,8192,64,16,32,8,8,0,0,0,"[0, 1]",LLVMGPUVectorDistribute,"PipelineOptionsSearchSpace(prefetch_shared_memory=[True], no_reduce_shared_memory_bank_conflicts=[None], use_igemm_convolution=[None])",[2],,#iree_gpu.mma_layout<MFMA_F32_16x16x32_F8E4M3FNUZ>,256,32,32,64,2,1,2,1,"['--iree-hal-target-device=hip', '--iree-hip-target=gfx942', '--compile-from=executable-sources']",849,True,"['--input=1', '--benchmark_repetitions=3']",True,hip://6,True,357.33,1026.67,269.67,2.87313,799,639,160,204,302.06,,tuning_2025_09_29_16_28/candidates/specs/849_spec.mlir
compute_gemm_4096_4096_8192_f8E4M3FNUZ_f32_tB,850,contraction,sharkmi300x-4,gfx942,4096,4096,8192,64,32,16,8,8,0,0,0,"[0, 1]",LLVMGPUVectorDistribute,"PipelineOptionsSearchSpace(prefetch_shared_memory=[True], no_reduce_shared_memory_bank_conflicts=[None], use_igemm_convolution=[None])",[2],,#iree_gpu.mma_layout<MFMA_F32_32x32x16_F8E4M3FNUZ>,512,512,64,128,2,1,2,2,"['--iree-hal-target-device=hip', '--iree-hip-target=gfx942', '--compile-from=executable-sources']",850,True,"['--input=1', '--benchmark_repetitions=3']",True,hip://7,True,352.5,27700.0,269.67,78.58156,940,948,8,204,302.06,,tuning_2025_09_29_16_28/candidates/specs/850_spec.mlir
compute_gemm_4096_4096_8192_f8E4M3FNUZ_f32_tB,851,contraction,sharkmi300x-4,gfx942,4096,4096,8192,64,16,32,8,8,0,0,0,"[0, 1]",LLVMGPUVectorDistribute,"PipelineOptionsSearchSpace(prefetch_shared_memory=[True], no_reduce_shared_memory_bank_conflicts=[None], use_igemm_convolution=[None])",[2],,#iree_gpu.mma_layout<MFMA_F32_16x16x32_F8E4M3FNUZ>,128,512,64,128,2,1,2,2,"['--iree-hal-target-device=hip', '--iree-hip-target=gfx942', '--compile-from=executable-sources']",851,True,"['--input=1', '--benchmark_repetitions=3']",True,hip://5,True,360.33,523.67,269.67,1.45328,832,317,515,204,302.06,,tuning_2025_09_29_16_28/candidates/specs/851_spec.mlir
compute_gemm_4096_4096_8192_f8E4M3FNUZ_f32_tB,852,contraction,sharkmi300x-4,gfx942,4096,4096,8192,64,16,32,8,8,0,0,0,"[0, 1]",LLVMGPUVectorDistribute,"PipelineOptionsSearchSpace(prefetch_shared_memory=[True], no_reduce_shared_memory_bank_conflicts=[None], use_igemm_convolution=[None])",[2],,#iree_gpu.mma_layout<MFMA_F32_16x16x32_F8E4M3FNUZ>,128,32,256,64,1,1,1,1,"['--iree-hal-target-device=hip', '--iree-hip-target=gfx942', '--compile-from=executable-sources']",852,True,"['--input=1', '--benchmark_repetitions=3']",True,hip://5,True,360.33,1043.33,269.67,2.89547,820,646,174,204,302.06,,tuning_2025_09_29_16_28/candidates/specs/852_spec.mlir
compute_gemm_4096_4096_8192_f8E4M3FNUZ_f32_tB,853,contraction,sharkmi300x-4,gfx942,4096,4096,8192,64,32,16,8,8,0,0,0,"[0, 1]",LLVMGPUVectorDistribute,"PipelineOptionsSearchSpace(prefetch_shared_memory=[True], no_reduce_shared_memory_bank_conflicts=[None], use_igemm_convolution=[None])",[2],,#iree_gpu.mma_layout<MFMA_F32_32x32x16_F8E4M3FNUZ>,32,256,32,128,1,1,1,2,"['--iree-hal-target-device=hip', '--iree-hip-target=gfx942', '--compile-from=executable-sources']",853,True,"['--input=1', '--benchmark_repetitions=3']",True,hip://2,True,357.5,861.67,269.67,2.41026,808,565,243,204,302.06,,tuning_2025_09_29_16_28/candidates/specs/853_spec.mlir
compute_gemm_4096_4096_8192_f8E4M3FNUZ_f32_tB,854,contraction,sharkmi300x-4,gfx942,4096,4096,8192,64,32,16,8,8,0,0,0,"[0, 1]",LLVMGPUVectorDistribute,"PipelineOptionsSearchSpace(prefetch_shared_memory=[True], no_reduce_shared_memory_bank_conflicts=[None], use_igemm_convolution=[None])",[2],,#iree_gpu.mma_layout<MFMA_F32_32x32x16_F8E4M3FNUZ>,256,64,128,64,4,1,4,1,"['--iree-hal-target-device=hip', '--iree-hip-target=gfx942', '--compile-from=executable-sources']",854,True,"['--input=1', '--benchmark_repetitions=3']",True,hip://6,True,357.33,406.0,269.67,1.13619,811,168,643,204,302.06,,tuning_2025_09_29_16_28/candidates/specs/854_spec.mlir
compute_gemm_4096_4096_8192_f8E4M3FNUZ_f32_tB,855,contraction,sharkmi300x-4,gfx942,4096,4096,8192,64,16,32,8,8,0,0,0,"[0, 1]",LLVMGPUVectorDistribute,"PipelineOptionsSearchSpace(prefetch_shared_memory=[True], no_reduce_shared_memory_bank_conflicts=[None], use_igemm_convolution=[None])",[2],,#iree_gpu.mma_layout<MFMA_F32_16x16x32_F8E4M3FNUZ>,128,64,256,128,1,1,1,2,"['--iree-hal-target-device=hip', '--iree-hip-target=gfx942', '--compile-from=executable-sources']",855,True,"['--input=1', '--benchmark_repetitions=3']",True,hip://5,True,360.33,545.67,269.67,1.51434,817,356,461,204,302.06,,tuning_2025_09_29_16_28/candidates/specs/855_spec.mlir
compute_gemm_4096_4096_8192_f8E4M3FNUZ_f32_tB,856,contraction,sharkmi300x-4,gfx942,4096,4096,8192,64,16,32,8,8,0,0,0,"[0, 1]",LLVMGPUVectorDistribute,"PipelineOptionsSearchSpace(prefetch_shared_memory=[True], no_reduce_shared_memory_bank_conflicts=[None], use_igemm_convolution=[None])",[2],,#iree_gpu.mma_layout<MFMA_F32_16x16x32_F8E4M3FNUZ>,512,16,64,64,2,1,2,1,"['--iree-hal-target-device=hip', '--iree-hip-target=gfx942', '--compile-from=executable-sources']",856,True,"['--input=1', '--benchmark_repetitions=3']",True,hip://5,True,360.33,1390.0,269.67,3.85754,813,690,123,204,302.06,,tuning_2025_09_29_16_28/candidates/specs/856_spec.mlir
compute_gemm_4096_4096_8192_f8E4M3FNUZ_f32_tB,857,contraction,sharkmi300x-4,gfx942,4096,4096,8192,64,16,32,8,8,0,0,0,"[0, 1]",LLVMGPUVectorDistribute,"PipelineOptionsSearchSpace(prefetch_shared_memory=[True], no_reduce_shared_memory_bank_conflicts=[None], use_igemm_convolution=[None])",[2],,#iree_gpu.mma_layout<MFMA_F32_16x16x32_F8E4M3FNUZ>,256,32,128,128,4,1,4,2,"['--iree-hal-target-device=hip', '--iree-hip-target=gfx942', '--compile-from=executable-sources']",857,True,"['--input=1', '--benchmark_repetitions=3']",True,hip://5,True,360.33,537.67,269.67,1.49214,809,340,469,204,302.06,,tuning_2025_09_29_16_28/candidates/specs/857_spec.mlir
compute_gemm_4096_4096_8192_f8E4M3FNUZ_f32_tB,858,contraction,sharkmi300x-4,gfx942,4096,4096,8192,64,32,16,8,8,0,0,0,"[0, 1]",LLVMGPUVectorDistribute,"PipelineOptionsSearchSpace(prefetch_shared_memory=[True], no_reduce_shared_memory_bank_conflicts=[None], use_igemm_convolution=[None])",[2],,#iree_gpu.mma_layout<MFMA_F32_32x32x16_F8E4M3FNUZ>,512,256,32,256,1,1,1,4,"['--iree-hal-target-device=hip', '--iree-hip-target=gfx942', '--compile-from=executable-sources']",858,True,"['--input=1', '--benchmark_repetitions=3']",True,hip://6,True,357.33,6766.67,269.67,18.93657,869,838,31,204,302.06,,tuning_2025_09_29_16_28/candidates/specs/858_spec.mlir
compute_gemm_4096_4096_8192_f8E4M3FNUZ_f32_tB,859,contraction,sharkmi300x-4,gfx942,4096,4096,8192,64,32,16,8,8,0,0,0,"[0, 1]",LLVMGPUVectorDistribute,"PipelineOptionsSearchSpace(prefetch_shared_memory=[True], no_reduce_shared_memory_bank_conflicts=[None], use_igemm_convolution=[None])",[2],,#iree_gpu.mma_layout<MFMA_F32_32x32x16_F8E4M3FNUZ>,128,256,64,128,1,1,1,2,"['--iree-hal-target-device=hip', '--iree-hip-target=gfx942', '--compile-from=executable-sources']",859,True,"['--input=1', '--benchmark_repetitions=3']",True,hip://5,True,360.33,288.33,269.67,0.80019,836,5,831,204,302.06,411.7,tuning_2025_09_29_16_28/candidates/specs/859_spec.mlir
compute_gemm_4096_4096_8192_f8E4M3FNUZ_f32_tB,860,contraction,sharkmi300x-4,gfx942,4096,4096,8192,64,32,16,8,8,0,0,0,"[0, 1]",LLVMGPUVectorDistribute,"PipelineOptionsSearchSpace(prefetch_shared_memory=[True], no_reduce_shared_memory_bank_conflicts=[None], use_igemm_convolution=[None])",[2],,#iree_gpu.mma_layout<MFMA_F32_32x32x16_F8E4M3FNUZ>,64,512,32,256,1,1,1,4,"['--iree-hal-target-device=hip', '--iree-hip-target=gfx942', '--compile-from=executable-sources']",860,True,"['--input=1', '--benchmark_repetitions=3']",True,hip://2,True,357.5,480.33,269.67,1.34359,816,259,557,204,302.06,,tuning_2025_09_29_16_28/candidates/specs/860_spec.mlir
compute_gemm_4096_4096_8192_f8E4M3FNUZ_f32_tB,861,contraction,sharkmi300x-4,gfx942,4096,4096,8192,64,32,16,8,8,0,0,0,"[0, 1]",LLVMGPUVectorDistribute,"PipelineOptionsSearchSpace(prefetch_shared_memory=[True], no_reduce_shared_memory_bank_conflicts=[None], use_igemm_convolution=[None])",[2],,#iree_gpu.mma_layout<MFMA_F32_32x32x16_F8E4M3FNUZ>,32,64,128,64,1,1,1,1,"['--iree-hal-target-device=hip', '--iree-hip-target=gfx942', '--compile-from=executable-sources']",861,True,"['--input=1', '--benchmark_repetitions=3']",True,hip://2,True,357.5,487.0,269.67,1.36224,812,269,543,204,302.06,,tuning_2025_09_29_16_28/candidates/specs/861_spec.mlir
compute_gemm_4096_4096_8192_f8E4M3FNUZ_f32_tB,862,contraction,sharkmi300x-4,gfx942,4096,4096,8192,64,16,32,8,8,0,0,0,"[0, 1]",LLVMGPUVectorDistribute,"PipelineOptionsSearchSpace(prefetch_shared_memory=[True], no_reduce_shared_memory_bank_conflicts=[None], use_igemm_convolution=[None])",[2],,#iree_gpu.mma_layout<MFMA_F32_16x16x32_F8E4M3FNUZ>,512,256,64,256,2,1,2,4,"['--iree-hal-target-device=hip', '--iree-hip-target=gfx942', '--compile-from=executable-sources']",862,True,"['--input=1', '--benchmark_repetitions=3']",True,hip://2,True,357.5,1843.33,269.67,5.15618,833,750,83,204,302.06,,tuning_2025_09_29_16_28/candidates/specs/862_spec.mlir
compute_gemm_4096_4096_8192_f8E4M3FNUZ_f32_tB,863,contraction,sharkmi300x-4,gfx942,4096,4096,8192,64,16,32,8,8,0,0,0,"[0, 1]",LLVMGPUVectorDistribute,"PipelineOptionsSearchSpace(prefetch_shared_memory=[True], no_reduce_shared_memory_bank_conflicts=[None], use_igemm_convolution=[None])",[2],,#iree_gpu.mma_layout<MFMA_F32_16x16x32_F8E4M3FNUZ>,128,128,32,64,4,1,4,1,"['--iree-hal-target-device=hip', '--iree-hip-target=gfx942', '--compile-from=executable-sources']",863,True,"['--input=1', '--benchmark_repetitions=3']",True,hip://6,True,357.33,528.0,269.67,1.47761,815,329,486,204,302.06,,tuning_2025_09_29_16_28/candidates/specs/863_spec.mlir
compute_gemm_4096_4096_8192_f8E4M3FNUZ_f32_tB,864,contraction,sharkmi300x-4,gfx942,4096,4096,8192,64,32,16,8,8,0,0,0,"[0, 1]",LLVMGPUVectorDistribute,"PipelineOptionsSearchSpace(prefetch_shared_memory=[True], no_reduce_shared_memory_bank_conflicts=[None], use_igemm_convolution=[None])",[2],,#iree_gpu.mma_layout<MFMA_F32_32x32x16_F8E4M3FNUZ>,256,32,128,64,8,1,8,1,"['--iree-hal-target-device=hip', '--iree-hip-target=gfx942', '--compile-from=executable-sources']",864,True,"['--input=1', '--benchmark_repetitions=3']",True,hip://7,True,352.5,520.67,269.67,1.47707,814,328,486,204,302.06,,tuning_2025_09_29_16_28/candidates/specs/864_spec.mlir
compute_gemm_4096_4096_8192_f8E4M3FNUZ_f32_tB,865,contraction,sharkmi300x-4,gfx942,4096,4096,8192,64,32,16,8,8,0,0,0,"[0, 1]",LLVMGPUVectorDistribute,"PipelineOptionsSearchSpace(prefetch_shared_memory=[True], no_reduce_shared_memory_bank_conflicts=[None], use_igemm_convolution=[None])",[2],,#iree_gpu.mma_layout<MFMA_F32_32x32x16_F8E4M3FNUZ>,256,512,32,64,8,1,8,1,"['--iree-hal-target-device=hip', '--iree-hip-target=gfx942', '--compile-from=executable-sources']",865,True,"['--input=1', '--benchmark_repetitions=3']",True,hip://7,True,352.5,2263.33,269.67,6.4208,838,777,61,204,302.06,,tuning_2025_09_29_16_28/candidates/specs/865_spec.mlir
compute_gemm_4096_4096_8192_f8E4M3FNUZ_f32_tB,866,contraction,sharkmi300x-4,gfx942,4096,4096,8192,64,32,16,8,8,0,0,0,"[0, 1]",LLVMGPUVectorDistribute,"PipelineOptionsSearchSpace(prefetch_shared_memory=[True], no_reduce_shared_memory_bank_conflicts=[None], use_igemm_convolution=[None])",[2],,#iree_gpu.mma_layout<MFMA_F32_32x32x16_F8E4M3FNUZ>,256,32,64,64,2,1,2,1,"['--iree-hal-target-device=hip', '--iree-hip-target=gfx942', '--compile-from=executable-sources']",866,True,"['--input=1', '--benchmark_repetitions=3']",True,hip://7,True,352.5,564.0,269.67,1.6,818,385,433,204,302.06,,tuning_2025_09_29_16_28/candidates/specs/866_spec.mlir
compute_gemm_4096_4096_8192_f8E4M3FNUZ_f32_tB,867,contraction,sharkmi300x-4,gfx942,4096,4096,8192,64,32,16,8,8,0,0,0,"[0, 1]",LLVMGPUVectorDistribute,"PipelineOptionsSearchSpace(prefetch_shared_memory=[True], no_reduce_shared_memory_bank_conflicts=[None], use_igemm_convolution=[None])",[2],,#iree_gpu.mma_layout<MFMA_F32_32x32x16_F8E4M3FNUZ>,256,256,64,64,1,1,1,1,"['--iree-hal-target-device=hip', '--iree-hip-target=gfx942', '--compile-from=executable-sources']",867,True,"['--input=1', '--benchmark_repetitions=3']",True,hip://2,True,357.5,17066.67,269.67,47.73893,945,932,13,204,302.06,,tuning_2025_09_29_16_28/candidates/specs/867_spec.mlir
compute_gemm_4096_4096_8192_f8E4M3FNUZ_f32_tB,868,contraction,sharkmi300x-4,gfx942,4096,4096,8192,64,32,16,8,8,0,0,0,"[0, 1]",LLVMGPUVectorDistribute,"PipelineOptionsSearchSpace(prefetch_shared_memory=[True], no_reduce_shared_memory_bank_conflicts=[None], use_igemm_convolution=[None])",[2],,#iree_gpu.mma_layout<MFMA_F32_32x32x16_F8E4M3FNUZ>,128,256,32,64,2,1,2,1,"['--iree-hal-target-device=hip', '--iree-hip-target=gfx942', '--compile-from=executable-sources']",868,True,"['--input=1', '--benchmark_repetitions=3']",True,hip://5,True,360.33,2896.67,269.67,8.03885,840,796,44,204,302.06,,tuning_2025_09_29_16_28/candidates/specs/868_spec.mlir
compute_gemm_4096_4096_8192_f8E4M3FNUZ_f32_tB,869,contraction,sharkmi300x-4,gfx942,4096,4096,8192,64,32,16,8,8,0,0,0,"[0, 1]",LLVMGPUVectorDistribute,"PipelineOptionsSearchSpace(prefetch_shared_memory=[True], no_reduce_shared_memory_bank_conflicts=[None], use_igemm_convolution=[None])",[2],,#iree_gpu.mma_layout<MFMA_F32_32x32x16_F8E4M3FNUZ>,512,256,64,256,1,1,1,4,"['--iree-hal-target-device=hip', '--iree-hip-target=gfx942', '--compile-from=executable-sources']",869,True,"['--input=1', '--benchmark_repetitions=3']",True,hip://5,True,360.33,8586.67,269.67,23.82979,905,869,36,204,302.06,,tuning_2025_09_29_16_28/candidates/specs/869_spec.mlir
compute_gemm_4096_4096_8192_f8E4M3FNUZ_f32_tB,870,contraction,sharkmi300x-4,gfx942,4096,4096,8192,64,32,16,8,8,0,0,0,"[0, 1]",LLVMGPUVectorDistribute,"PipelineOptionsSearchSpace(prefetch_shared_memory=[True], no_reduce_shared_memory_bank_conflicts=[None], use_igemm_convolution=[None])",[2],,#iree_gpu.mma_layout<MFMA_F32_32x32x16_F8E4M3FNUZ>,128,256,64,256,1,1,1,4,"['--iree-hal-target-device=hip', '--iree-hip-target=gfx942', '--compile-from=executable-sources']",870,True,"['--input=1', '--benchmark_repetitions=3']",True,hip://7,True,352.5,290.67,269.67,0.82459,826,10,816,204,302.06,411.7,tuning_2025_09_29_16_28/candidates/specs/870_spec.mlir
compute_gemm_4096_4096_8192_f8E4M3FNUZ_f32_tB,871,contraction,sharkmi300x-4,gfx942,4096,4096,8192,64,32,16,8,8,0,0,0,"[0, 1]",LLVMGPUVectorDistribute,"PipelineOptionsSearchSpace(prefetch_shared_memory=[True], no_reduce_shared_memory_bank_conflicts=[None], use_igemm_convolution=[None])",[2],,#iree_gpu.mma_layout<MFMA_F32_32x32x16_F8E4M3FNUZ>,128,512,32,256,2,1,2,4,"['--iree-hal-target-device=hip', '--iree-hip-target=gfx942', '--compile-from=executable-sources']",871,True,"['--input=1', '--benchmark_repetitions=3']",True,hip://6,True,357.33,496.33,269.67,1.38899,827,285,542,204,302.06,,tuning_2025_09_29_16_28/candidates/specs/871_spec.mlir
compute_gemm_4096_4096_8192_f8E4M3FNUZ_f32_tB,872,contraction,sharkmi300x-4,gfx942,4096,4096,8192,64,32,16,8,8,0,0,0,"[0, 1]",LLVMGPUVectorDistribute,"PipelineOptionsSearchSpace(prefetch_shared_memory=[True], no_reduce_shared_memory_bank_conflicts=[None], use_igemm_convolution=[None])",[2],,#iree_gpu.mma_layout<MFMA_F32_32x32x16_F8E4M3FNUZ>,256,128,128,256,2,1,2,4,"['--iree-hal-target-device=hip', '--iree-hip-target=gfx942', '--compile-from=executable-sources']",872,True,"['--input=1', '--benchmark_repetitions=3']",True,hip://2,True,357.5,320.0,269.67,0.8951,825,41,784,204,302.06,,tuning_2025_09_29_16_28/candidates/specs/872_spec.mlir
compute_gemm_4096_4096_8192_f8E4M3FNUZ_f32_tB,873,contraction,sharkmi300x-4,gfx942,4096,4096,8192,64,16,32,8,8,0,0,0,"[0, 1]",LLVMGPUVectorDistribute,"PipelineOptionsSearchSpace(prefetch_shared_memory=[True], no_reduce_shared_memory_bank_conflicts=[None], use_igemm_convolution=[None])",[2],,#iree_gpu.mma_layout<MFMA_F32_16x16x32_F8E4M3FNUZ>,256,128,128,64,8,1,8,1,"['--iree-hal-target-device=hip', '--iree-hip-target=gfx942', '--compile-from=executable-sources']",873,True,"['--input=1', '--benchmark_repetitions=3']",True,hip://5,True,360.33,299.33,269.67,0.83071,824,12,812,204,302.06,,tuning_2025_09_29_16_28/candidates/specs/873_spec.mlir
compute_gemm_4096_4096_8192_f8E4M3FNUZ_f32_tB,874,contraction,sharkmi300x-4,gfx942,4096,4096,8192,64,16,32,8,8,0,0,0,"[0, 1]",LLVMGPUVectorDistribute,"PipelineOptionsSearchSpace(prefetch_shared_memory=[True], no_reduce_shared_memory_bank_conflicts=[None], use_igemm_convolution=[None])",[2],,#iree_gpu.mma_layout<MFMA_F32_16x16x32_F8E4M3FNUZ>,256,32,32,64,1,1,1,1,"['--iree-hal-target-device=hip', '--iree-hip-target=gfx942', '--compile-from=executable-sources']",874,True,"['--input=1', '--benchmark_repetitions=3']",True,hip://5,True,360.33,1230.0,269.67,3.41351,828,681,147,204,302.06,,tuning_2025_09_29_16_28/candidates/specs/874_spec.mlir
compute_gemm_4096_4096_8192_f8E4M3FNUZ_f32_tB,875,contraction,sharkmi300x-4,gfx942,4096,4096,8192,64,16,32,8,8,0,0,0,"[0, 1]",LLVMGPUVectorDistribute,"PipelineOptionsSearchSpace(prefetch_shared_memory=[True], no_reduce_shared_memory_bank_conflicts=[None], use_igemm_convolution=[None])",[2],,#iree_gpu.mma_layout<MFMA_F32_16x16x32_F8E4M3FNUZ>,512,128,32,128,1,1,1,2,"['--iree-hal-target-device=hip', '--iree-hip-target=gfx942', '--compile-from=executable-sources']",875,True,"['--input=1', '--benchmark_repetitions=3']",True,hip://7,True,352.5,6090.0,269.67,17.2766,898,829,69,204,302.06,,tuning_2025_09_29_16_28/candidates/specs/875_spec.mlir
compute_gemm_4096_4096_8192_f8E4M3FNUZ_f32_tB,876,contraction,sharkmi300x-4,gfx942,4096,4096,8192,64,16,32,8,8,0,0,0,"[0, 1]",LLVMGPUVectorDistribute,"PipelineOptionsSearchSpace(prefetch_shared_memory=[True], no_reduce_shared_memory_bank_conflicts=[None], use_igemm_convolution=[None])",[2],,#iree_gpu.mma_layout<MFMA_F32_16x16x32_F8E4M3FNUZ>,512,64,32,128,1,1,1,2,"['--iree-hal-target-device=hip', '--iree-hip-target=gfx942', '--compile-from=executable-sources']",876,True,"['--input=1', '--benchmark_repetitions=3']",True,hip://5,True,360.33,958.0,269.67,2.65865,849,600,249,204,302.06,,tuning_2025_09_29_16_28/candidates/specs/876_spec.mlir
compute_gemm_4096_4096_8192_f8E4M3FNUZ_f32_tB,877,contraction,sharkmi300x-4,gfx942,4096,4096,8192,64,32,16,8,8,0,0,0,"[0, 1]",LLVMGPUVectorDistribute,"PipelineOptionsSearchSpace(prefetch_shared_memory=[True], no_reduce_shared_memory_bank_conflicts=[None], use_igemm_convolution=[None])",[2],,#iree_gpu.mma_layout<MFMA_F32_32x32x16_F8E4M3FNUZ>,512,512,32,256,1,1,1,4,"['--iree-hal-target-device=hip', '--iree-hip-target=gfx942', '--compile-from=executable-sources']",877,True,"['--input=1', '--benchmark_repetitions=3']",True,hip://2,True,357.5,27633.33,269.67,77.29604,941,946,5,204,302.06,,tuning_2025_09_29_16_28/candidates/specs/877_spec.mlir
compute_gemm_4096_4096_8192_f8E4M3FNUZ_f32_tB,878,contraction,sharkmi300x-4,gfx942,4096,4096,8192,64,16,32,8,8,0,0,0,"[0, 1]",LLVMGPUVectorDistribute,"PipelineOptionsSearchSpace(prefetch_shared_memory=[True], no_reduce_shared_memory_bank_conflicts=[None], use_igemm_convolution=[None])",[2],,#iree_gpu.mma_layout<MFMA_F32_16x16x32_F8E4M3FNUZ>,32,512,64,256,1,1,1,4,"['--iree-hal-target-device=hip', '--iree-hip-target=gfx942', '--compile-from=executable-sources']",878,True,"['--input=1', '--benchmark_repetitions=3']",True,hip://2,True,357.5,733.67,269.67,2.05221,829,508,321,204,302.06,,tuning_2025_09_29_16_28/candidates/specs/878_spec.mlir
compute_gemm_4096_4096_8192_f8E4M3FNUZ_f32_tB,879,contraction,sharkmi300x-4,gfx942,4096,4096,8192,64,16,32,8,8,0,0,0,"[0, 1]",LLVMGPUVectorDistribute,"PipelineOptionsSearchSpace(prefetch_shared_memory=[True], no_reduce_shared_memory_bank_conflicts=[None], use_igemm_convolution=[None])",[2],,#iree_gpu.mma_layout<MFMA_F32_16x16x32_F8E4M3FNUZ>,256,512,32,64,1,1,1,1,"['--iree-hal-target-device=hip', '--iree-hip-target=gfx942', '--compile-from=executable-sources']",879,False,"['--input=1', '--benchmark_repetitions=3']",False,,False,,,,,,,,,,,tuning_2025_09_29_16_28/candidates/specs/879_spec.mlir
compute_gemm_4096_4096_8192_f8E4M3FNUZ_f32_tB,880,contraction,sharkmi300x-4,gfx942,4096,4096,8192,64,16,32,8,8,0,0,0,"[0, 1]",LLVMGPUVectorDistribute,"PipelineOptionsSearchSpace(prefetch_shared_memory=[True], no_reduce_shared_memory_bank_conflicts=[None], use_igemm_convolution=[None])",[2],,#iree_gpu.mma_layout<MFMA_F32_16x16x32_F8E4M3FNUZ>,256,256,128,128,2,1,2,2,"['--iree-hal-target-device=hip', '--iree-hip-target=gfx942', '--compile-from=executable-sources']",880,True,"['--input=1', '--benchmark_repetitions=3']",True,hip://6,True,357.33,916.0,269.67,2.56343,876,589,287,204,302.06,,tuning_2025_09_29_16_28/candidates/specs/880_spec.mlir
compute_gemm_4096_4096_8192_f8E4M3FNUZ_f32_tB,881,contraction,sharkmi300x-4,gfx942,4096,4096,8192,64,16,32,8,8,0,0,0,"[0, 1]",LLVMGPUVectorDistribute,"PipelineOptionsSearchSpace(prefetch_shared_memory=[True], no_reduce_shared_memory_bank_conflicts=[None], use_igemm_convolution=[None])",[2],,#iree_gpu.mma_layout<MFMA_F32_16x16x32_F8E4M3FNUZ>,256,64,32,64,2,1,2,1,"['--iree-hal-target-device=hip', '--iree-hip-target=gfx942', '--compile-from=executable-sources']",881,True,"['--input=1', '--benchmark_repetitions=3']",True,hip://2,True,357.5,728.33,269.67,2.0373,841,507,334,204,302.06,,tuning_2025_09_29_16_28/candidates/specs/881_spec.mlir
compute_gemm_4096_4096_8192_f8E4M3FNUZ_f32_tB,882,contraction,sharkmi300x-4,gfx942,4096,4096,8192,64,16,32,8,8,0,0,0,"[0, 1]",LLVMGPUVectorDistribute,"PipelineOptionsSearchSpace(prefetch_shared_memory=[True], no_reduce_shared_memory_bank_conflicts=[None], use_igemm_convolution=[None])",[2],,#iree_gpu.mma_layout<MFMA_F32_16x16x32_F8E4M3FNUZ>,128,256,128,64,8,1,8,1,"['--iree-hal-target-device=hip', '--iree-hip-target=gfx942', '--compile-from=executable-sources']",882,True,"['--input=1', '--benchmark_repetitions=3']",True,hip://6,True,357.33,359.67,269.67,1.00653,839,98,741,204,302.06,,tuning_2025_09_29_16_28/candidates/specs/882_spec.mlir
compute_gemm_4096_4096_8192_f8E4M3FNUZ_f32_tB,883,contraction,sharkmi300x-4,gfx942,4096,4096,8192,64,16,32,8,8,0,0,0,"[0, 1]",LLVMGPUVectorDistribute,"PipelineOptionsSearchSpace(prefetch_shared_memory=[True], no_reduce_shared_memory_bank_conflicts=[None], use_igemm_convolution=[None])",[2],,#iree_gpu.mma_layout<MFMA_F32_16x16x32_F8E4M3FNUZ>,256,256,128,64,4,1,4,1,"['--iree-hal-target-device=hip', '--iree-hip-target=gfx942', '--compile-from=executable-sources']",883,True,"['--input=1', '--benchmark_repetitions=3']",True,hip://7,True,352.5,1153.33,269.67,3.27187,882,672,210,204,302.06,,tuning_2025_09_29_16_28/candidates/specs/883_spec.mlir
compute_gemm_4096_4096_8192_f8E4M3FNUZ_f32_tB,884,contraction,sharkmi300x-4,gfx942,4096,4096,8192,64,16,32,8,8,0,0,0,"[0, 1]",LLVMGPUVectorDistribute,"PipelineOptionsSearchSpace(prefetch_shared_memory=[True], no_reduce_shared_memory_bank_conflicts=[None], use_igemm_convolution=[None])",[2],,#iree_gpu.mma_layout<MFMA_F32_16x16x32_F8E4M3FNUZ>,256,256,128,64,1,1,1,1,"['--iree-hal-target-device=hip', '--iree-hip-target=gfx942', '--compile-from=executable-sources']",884,True,"['--input=1', '--benchmark_repetitions=3']",True,hip://5,True,360.33,10100.0,269.67,28.0296,954,887,67,204,302.06,,tuning_2025_09_29_16_28/candidates/specs/884_spec.mlir
compute_gemm_4096_4096_8192_f8E4M3FNUZ_f32_tB,885,contraction,sharkmi300x-4,gfx942,4096,4096,8192,64,16,32,8,8,0,0,0,"[0, 1]",LLVMGPUVectorDistribute,"PipelineOptionsSearchSpace(prefetch_shared_memory=[True], no_reduce_shared_memory_bank_conflicts=[None], use_igemm_convolution=[None])",[2],,#iree_gpu.mma_layout<MFMA_F32_16x16x32_F8E4M3FNUZ>,64,32,128,64,2,1,2,1,"['--iree-hal-target-device=hip', '--iree-hip-target=gfx942', '--compile-from=executable-sources']",885,True,"['--input=1', '--benchmark_repetitions=3']",True,hip://7,True,352.5,446.67,269.67,1.26714,830,224,606,204,302.06,,tuning_2025_09_29_16_28/candidates/specs/885_spec.mlir
compute_gemm_4096_4096_8192_f8E4M3FNUZ_f32_tB,886,contraction,sharkmi300x-4,gfx942,4096,4096,8192,64,32,16,8,8,0,0,0,"[0, 1]",LLVMGPUVectorDistribute,"PipelineOptionsSearchSpace(prefetch_shared_memory=[True], no_reduce_shared_memory_bank_conflicts=[None], use_igemm_convolution=[None])",[2],,#iree_gpu.mma_layout<MFMA_F32_32x32x16_F8E4M3FNUZ>,512,64,64,128,4,1,4,2,"['--iree-hal-target-device=hip', '--iree-hip-target=gfx942', '--compile-from=executable-sources']",886,True,"['--input=1', '--benchmark_repetitions=3']",True,hip://6,True,357.33,475.67,269.67,1.33116,835,252,583,204,302.06,,tuning_2025_09_29_16_28/candidates/specs/886_spec.mlir
compute_gemm_4096_4096_8192_f8E4M3FNUZ_f32_tB,887,contraction,sharkmi300x-4,gfx942,4096,4096,8192,64,32,16,8,8,0,0,0,"[0, 1]",LLVMGPUVectorDistribute,"PipelineOptionsSearchSpace(prefetch_shared_memory=[True], no_reduce_shared_memory_bank_conflicts=[None], use_igemm_convolution=[None])",[2],,#iree_gpu.mma_layout<MFMA_F32_32x32x16_F8E4M3FNUZ>,128,32,64,64,1,1,1,1,"['--iree-hal-target-device=hip', '--iree-hip-target=gfx942', '--compile-from=executable-sources']",887,True,"['--input=1', '--benchmark_repetitions=3']",True,hip://7,True,352.5,599.0,269.67,1.69929,834,408,426,204,302.06,,tuning_2025_09_29_16_28/candidates/specs/887_spec.mlir
compute_gemm_4096_4096_8192_f8E4M3FNUZ_f32_tB,888,contraction,sharkmi300x-4,gfx942,4096,4096,8192,64,16,32,8,8,0,0,0,"[0, 1]",LLVMGPUVectorDistribute,"PipelineOptionsSearchSpace(prefetch_shared_memory=[True], no_reduce_shared_memory_bank_conflicts=[None], use_igemm_convolution=[None])",[2],,#iree_gpu.mma_layout<MFMA_F32_16x16x32_F8E4M3FNUZ>,256,16,32,64,8,1,8,1,"['--iree-hal-target-device=hip', '--iree-hip-target=gfx942', '--compile-from=executable-sources']",888,True,"['--input=1', '--benchmark_repetitions=3']",True,hip://6,True,357.33,1590.0,269.67,4.44963,831,719,112,204,302.06,,tuning_2025_09_29_16_28/candidates/specs/888_spec.mlir
compute_gemm_4096_4096_8192_f8E4M3FNUZ_f32_tB,889,contraction,sharkmi300x-4,gfx942,4096,4096,8192,64,16,32,8,8,0,0,0,"[0, 1]",LLVMGPUVectorDistribute,"PipelineOptionsSearchSpace(prefetch_shared_memory=[True], no_reduce_shared_memory_bank_conflicts=[None], use_igemm_convolution=[None])",[2],,#iree_gpu.mma_layout<MFMA_F32_16x16x32_F8E4M3FNUZ>,64,128,128,64,2,1,2,1,"['--iree-hal-target-device=hip', '--iree-hip-target=gfx942', '--compile-from=executable-sources']",889,True,"['--input=1', '--benchmark_repetitions=3']",True,hip://6,True,357.33,351.33,269.67,0.98321,843,89,754,204,302.06,,tuning_2025_09_29_16_28/candidates/specs/889_spec.mlir
compute_gemm_4096_4096_8192_f8E4M3FNUZ_f32_tB,890,contraction,sharkmi300x-4,gfx942,4096,4096,8192,64,16,32,8,8,0,0,0,"[0, 1]",LLVMGPUVectorDistribute,"PipelineOptionsSearchSpace(prefetch_shared_memory=[True], no_reduce_shared_memory_bank_conflicts=[None], use_igemm_convolution=[None])",[2],,#iree_gpu.mma_layout<MFMA_F32_16x16x32_F8E4M3FNUZ>,128,512,64,256,2,1,2,4,"['--iree-hal-target-device=hip', '--iree-hip-target=gfx942', '--compile-from=executable-sources']",890,True,"['--input=1', '--benchmark_repetitions=3']",True,hip://6,True,357.33,321.0,269.67,0.89832,847,43,804,204,302.06,,tuning_2025_09_29_16_28/candidates/specs/890_spec.mlir
compute_gemm_4096_4096_8192_f8E4M3FNUZ_f32_tB,891,contraction,sharkmi300x-4,gfx942,4096,4096,8192,64,32,16,8,8,0,0,0,"[0, 1]",LLVMGPUVectorDistribute,"PipelineOptionsSearchSpace(prefetch_shared_memory=[True], no_reduce_shared_memory_bank_conflicts=[None], use_igemm_convolution=[None])",[2],,#iree_gpu.mma_layout<MFMA_F32_32x32x16_F8E4M3FNUZ>,256,512,32,256,1,1,1,4,"['--iree-hal-target-device=hip', '--iree-hip-target=gfx942', '--compile-from=executable-sources']",891,True,"['--input=1', '--benchmark_repetitions=3']",True,hip://2,True,357.5,8690.0,269.67,24.30769,896,872,24,204,302.06,,tuning_2025_09_29_16_28/candidates/specs/891_spec.mlir
compute_gemm_4096_4096_8192_f8E4M3FNUZ_f32_tB,892,contraction,sharkmi300x-4,gfx942,4096,4096,8192,64,16,32,8,8,0,0,0,"[0, 1]",LLVMGPUVectorDistribute,"PipelineOptionsSearchSpace(prefetch_shared_memory=[True], no_reduce_shared_memory_bank_conflicts=[None], use_igemm_convolution=[None])",[2],,#iree_gpu.mma_layout<MFMA_F32_16x16x32_F8E4M3FNUZ>,256,128,64,64,8,1,8,1,"['--iree-hal-target-device=hip', '--iree-hip-target=gfx942', '--compile-from=executable-sources']",892,True,"['--input=1', '--benchmark_repetitions=3']",True,hip://7,True,352.5,338.67,269.67,0.96076,846,80,766,204,302.06,,tuning_2025_09_29_16_28/candidates/specs/892_spec.mlir
compute_gemm_4096_4096_8192_f8E4M3FNUZ_f32_tB,893,contraction,sharkmi300x-4,gfx942,4096,4096,8192,64,16,32,8,8,0,0,0,"[0, 1]",LLVMGPUVectorDistribute,"PipelineOptionsSearchSpace(prefetch_shared_memory=[True], no_reduce_shared_memory_bank_conflicts=[None], use_igemm_convolution=[None])",[2],,#iree_gpu.mma_layout<MFMA_F32_16x16x32_F8E4M3FNUZ>,256,256,32,64,4,1,4,1,"['--iree-hal-target-device=hip', '--iree-hip-target=gfx942', '--compile-from=executable-sources']",893,True,"['--input=1', '--benchmark_repetitions=3']",True,hip://6,True,357.33,2056.67,269.67,5.7556,865,771,94,204,302.06,,tuning_2025_09_29_16_28/candidates/specs/893_spec.mlir
compute_gemm_4096_4096_8192_f8E4M3FNUZ_f32_tB,894,contraction,sharkmi300x-4,gfx942,4096,4096,8192,64,16,32,8,8,0,0,0,"[0, 1]",LLVMGPUVectorDistribute,"PipelineOptionsSearchSpace(prefetch_shared_memory=[True], no_reduce_shared_memory_bank_conflicts=[None], use_igemm_convolution=[None])",[2],,#iree_gpu.mma_layout<MFMA_F32_16x16x32_F8E4M3FNUZ>,128,16,64,64,4,1,4,1,"['--iree-hal-target-device=hip', '--iree-hip-target=gfx942', '--compile-from=executable-sources']",894,True,"['--input=1', '--benchmark_repetitions=3']",True,hip://2,True,357.5,987.33,269.67,2.76177,844,619,225,204,302.06,,tuning_2025_09_29_16_28/candidates/specs/894_spec.mlir
compute_gemm_4096_4096_8192_f8E4M3FNUZ_f32_tB,895,contraction,sharkmi300x-4,gfx942,4096,4096,8192,64,16,32,8,8,0,0,0,"[0, 1]",LLVMGPUVectorDistribute,"PipelineOptionsSearchSpace(prefetch_shared_memory=[True], no_reduce_shared_memory_bank_conflicts=[None], use_igemm_convolution=[None])",[2],,#iree_gpu.mma_layout<MFMA_F32_16x16x32_F8E4M3FNUZ>,512,128,32,64,2,1,2,1,"['--iree-hal-target-device=hip', '--iree-hip-target=gfx942', '--compile-from=executable-sources']",895,True,"['--input=1', '--benchmark_repetitions=3']",True,hip://6,True,357.33,7746.67,269.67,21.6791,931,855,76,204,302.06,,tuning_2025_09_29_16_28/candidates/specs/895_spec.mlir
compute_gemm_4096_4096_8192_f8E4M3FNUZ_f32_tB,896,contraction,sharkmi300x-4,gfx942,4096,4096,8192,64,32,16,8,8,0,0,0,"[0, 1]",LLVMGPUVectorDistribute,"PipelineOptionsSearchSpace(prefetch_shared_memory=[True], no_reduce_shared_memory_bank_conflicts=[None], use_igemm_convolution=[None])",[2],,#iree_gpu.mma_layout<MFMA_F32_32x32x16_F8E4M3FNUZ>,128,512,32,128,1,1,1,2,"['--iree-hal-target-device=hip', '--iree-hip-target=gfx942', '--compile-from=executable-sources']",896,True,"['--input=1', '--benchmark_repetitions=3']",True,hip://2,True,357.5,12166.67,269.67,34.03263,921,904,17,204,302.06,,tuning_2025_09_29_16_28/candidates/specs/896_spec.mlir
compute_gemm_4096_4096_8192_f8E4M3FNUZ_f32_tB,897,contraction,sharkmi300x-4,gfx942,4096,4096,8192,64,16,32,8,8,0,0,0,"[0, 1]",LLVMGPUVectorDistribute,"PipelineOptionsSearchSpace(prefetch_shared_memory=[True], no_reduce_shared_memory_bank_conflicts=[None], use_igemm_convolution=[None])",[2],,#iree_gpu.mma_layout<MFMA_F32_16x16x32_F8E4M3FNUZ>,32,256,128,128,1,1,1,2,"['--iree-hal-target-device=hip', '--iree-hip-target=gfx942', '--compile-from=executable-sources']",897,True,"['--input=1', '--benchmark_repetitions=3']",True,hip://6,True,357.33,742.0,269.67,2.07649,857,516,341,204,302.06,,tuning_2025_09_29_16_28/candidates/specs/897_spec.mlir
compute_gemm_4096_4096_8192_f8E4M3FNUZ_f32_tB,898,contraction,sharkmi300x-4,gfx942,4096,4096,8192,64,32,16,8,8,0,0,0,"[0, 1]",LLVMGPUVectorDistribute,"PipelineOptionsSearchSpace(prefetch_shared_memory=[True], no_reduce_shared_memory_bank_conflicts=[None], use_igemm_convolution=[None])",[2],,#iree_gpu.mma_layout<MFMA_F32_32x32x16_F8E4M3FNUZ>,128,32,64,64,2,1,2,1,"['--iree-hal-target-device=hip', '--iree-hip-target=gfx942', '--compile-from=executable-sources']",898,True,"['--input=1', '--benchmark_repetitions=3']",True,hip://2,True,357.5,558.67,269.67,1.5627,848,375,473,204,302.06,,tuning_2025_09_29_16_28/candidates/specs/898_spec.mlir
compute_gemm_4096_4096_8192_f8E4M3FNUZ_f32_tB,899,contraction,sharkmi300x-4,gfx942,4096,4096,8192,64,16,32,8,8,0,0,0,"[0, 1]",LLVMGPUVectorDistribute,"PipelineOptionsSearchSpace(prefetch_shared_memory=[True], no_reduce_shared_memory_bank_conflicts=[None], use_igemm_convolution=[None])",[2],,#iree_gpu.mma_layout<MFMA_F32_16x16x32_F8E4M3FNUZ>,64,128,32,128,1,1,1,2,"['--iree-hal-target-device=hip', '--iree-hip-target=gfx942', '--compile-from=executable-sources']",899,True,"['--input=1', '--benchmark_repetitions=3']",True,hip://5,True,360.33,653.0,269.67,1.81221,851,447,404,204,302.06,,tuning_2025_09_29_16_28/candidates/specs/899_spec.mlir
compute_gemm_4096_4096_8192_f8E4M3FNUZ_f32_tB,900,contraction,sharkmi300x-4,gfx942,4096,4096,8192,64,16,32,8,8,0,0,0,"[0, 1]",LLVMGPUVectorDistribute,"PipelineOptionsSearchSpace(prefetch_shared_memory=[True], no_reduce_shared_memory_bank_conflicts=[None], use_igemm_convolution=[None])",[2],,#iree_gpu.mma_layout<MFMA_F32_16x16x32_F8E4M3FNUZ>,256,128,32,64,1,1,1,1,"['--iree-hal-target-device=hip', '--iree-hip-target=gfx942', '--compile-from=executable-sources']",900,True,"['--input=1', '--benchmark_repetitions=3']",True,hip://5,True,360.33,6320.0,269.67,17.53932,930,832,98,204,302.06,,tuning_2025_09_29_16_28/candidates/specs/900_spec.mlir
compute_gemm_4096_4096_8192_f8E4M3FNUZ_f32_tB,901,contraction,sharkmi300x-4,gfx942,4096,4096,8192,64,32,16,8,8,0,0,0,"[0, 1]",LLVMGPUVectorDistribute,"PipelineOptionsSearchSpace(prefetch_shared_memory=[True], no_reduce_shared_memory_bank_conflicts=[None], use_igemm_convolution=[None])",[2],,#iree_gpu.mma_layout<MFMA_F32_32x32x16_F8E4M3FNUZ>,128,64,128,128,2,1,2,2,"['--iree-hal-target-device=hip', '--iree-hip-target=gfx942', '--compile-from=executable-sources']",901,True,"['--input=1', '--benchmark_repetitions=3']",True,hip://7,True,352.5,325.0,269.67,0.92199,850,56,794,204,302.06,,tuning_2025_09_29_16_28/candidates/specs/901_spec.mlir
compute_gemm_4096_4096_8192_f8E4M3FNUZ_f32_tB,902,contraction,sharkmi300x-4,gfx942,4096,4096,8192,64,16,32,8,8,0,0,0,"[0, 1]",LLVMGPUVectorDistribute,"PipelineOptionsSearchSpace(prefetch_shared_memory=[True], no_reduce_shared_memory_bank_conflicts=[None], use_igemm_convolution=[None])",[2],,#iree_gpu.mma_layout<MFMA_F32_16x16x32_F8E4M3FNUZ>,64,256,128,64,4,1,4,1,"['--iree-hal-target-device=hip', '--iree-hip-target=gfx942', '--compile-from=executable-sources']",902,True,"['--input=1', '--benchmark_repetitions=3']",True,hip://2,True,357.5,522.67,269.67,1.462,860,321,539,204,302.06,,tuning_2025_09_29_16_28/candidates/specs/902_spec.mlir
compute_gemm_4096_4096_8192_f8E4M3FNUZ_f32_tB,903,contraction,sharkmi300x-4,gfx942,4096,4096,8192,64,16,32,8,8,0,0,0,"[0, 1]",LLVMGPUVectorDistribute,"PipelineOptionsSearchSpace(prefetch_shared_memory=[True], no_reduce_shared_memory_bank_conflicts=[None], use_igemm_convolution=[None])",[2],,#iree_gpu.mma_layout<MFMA_F32_16x16x32_F8E4M3FNUZ>,512,512,32,64,1,1,1,1,"['--iree-hal-target-device=hip', '--iree-hip-target=gfx942', '--compile-from=executable-sources']",903,False,"['--input=1', '--benchmark_repetitions=3']",False,,False,,,,,,,,,,,tuning_2025_09_29_16_28/candidates/specs/903_spec.mlir
compute_gemm_4096_4096_8192_f8E4M3FNUZ_f32_tB,904,contraction,sharkmi300x-4,gfx942,4096,4096,8192,64,16,32,8,8,0,0,0,"[0, 1]",LLVMGPUVectorDistribute,"PipelineOptionsSearchSpace(prefetch_shared_memory=[True], no_reduce_shared_memory_bank_conflicts=[None], use_igemm_convolution=[None])",[2],,#iree_gpu.mma_layout<MFMA_F32_16x16x32_F8E4M3FNUZ>,64,512,32,512,1,1,1,8,"['--iree-hal-target-device=hip', '--iree-hip-target=gfx942', '--compile-from=executable-sources']",904,True,"['--input=1', '--benchmark_repetitions=3']",True,hip://2,True,357.5,494.0,269.67,1.38182,852,281,571,204,302.06,,tuning_2025_09_29_16_28/candidates/specs/904_spec.mlir
compute_gemm_4096_4096_8192_f8E4M3FNUZ_f32_tB,905,contraction,sharkmi300x-4,gfx942,4096,4096,8192,64,32,16,8,8,0,0,0,"[0, 1]",LLVMGPUVectorDistribute,"PipelineOptionsSearchSpace(prefetch_shared_memory=[True], no_reduce_shared_memory_bank_conflicts=[None], use_igemm_convolution=[None])",[2],,#iree_gpu.mma_layout<MFMA_F32_32x32x16_F8E4M3FNUZ>,32,128,128,128,1,1,1,2,"['--iree-hal-target-device=hip', '--iree-hip-target=gfx942', '--compile-from=executable-sources']",905,True,"['--input=1', '--benchmark_repetitions=3']",True,hip://6,True,357.33,447.33,269.67,1.25187,853,218,635,204,302.06,,tuning_2025_09_29_16_28/candidates/specs/905_spec.mlir
compute_gemm_4096_4096_8192_f8E4M3FNUZ_f32_tB,906,contraction,sharkmi300x-4,gfx942,4096,4096,8192,64,32,16,8,8,0,0,0,"[0, 1]",LLVMGPUVectorDistribute,"PipelineOptionsSearchSpace(prefetch_shared_memory=[True], no_reduce_shared_memory_bank_conflicts=[None], use_igemm_convolution=[None])",[2],,#iree_gpu.mma_layout<MFMA_F32_32x32x16_F8E4M3FNUZ>,256,64,64,64,8,1,8,1,"['--iree-hal-target-device=hip', '--iree-hip-target=gfx942', '--compile-from=executable-sources']",906,True,"['--input=1', '--benchmark_repetitions=3']",True,hip://7,True,352.5,412.33,269.67,1.16974,854,190,664,204,302.06,,tuning_2025_09_29_16_28/candidates/specs/906_spec.mlir
compute_gemm_4096_4096_8192_f8E4M3FNUZ_f32_tB,907,contraction,sharkmi300x-4,gfx942,4096,4096,8192,64,16,32,8,8,0,0,0,"[0, 1]",LLVMGPUVectorDistribute,"PipelineOptionsSearchSpace(prefetch_shared_memory=[True], no_reduce_shared_memory_bank_conflicts=[None], use_igemm_convolution=[None])",[2],,#iree_gpu.mma_layout<MFMA_F32_16x16x32_F8E4M3FNUZ>,128,128,64,64,2,1,2,1,"['--iree-hal-target-device=hip', '--iree-hip-target=gfx942', '--compile-from=executable-sources']",907,True,"['--input=1', '--benchmark_repetitions=3']",True,hip://5,True,360.33,389.67,269.67,1.08141,863,136,727,204,302.06,,tuning_2025_09_29_16_28/candidates/specs/907_spec.mlir
compute_gemm_4096_4096_8192_f8E4M3FNUZ_f32_tB,908,contraction,sharkmi300x-4,gfx942,4096,4096,8192,64,16,32,8,8,0,0,0,"[0, 1]",LLVMGPUVectorDistribute,"PipelineOptionsSearchSpace(prefetch_shared_memory=[True], no_reduce_shared_memory_bank_conflicts=[None], use_igemm_convolution=[None])",[2],,#iree_gpu.mma_layout<MFMA_F32_16x16x32_F8E4M3FNUZ>,256,64,128,64,8,1,8,1,"['--iree-hal-target-device=hip', '--iree-hip-target=gfx942', '--compile-from=executable-sources']",908,True,"['--input=1', '--benchmark_repetitions=3']",True,hip://7,True,352.5,389.0,269.67,1.10355,858,151,707,204,302.06,,tuning_2025_09_29_16_28/candidates/specs/908_spec.mlir
compute_gemm_4096_4096_8192_f8E4M3FNUZ_f32_tB,909,contraction,sharkmi300x-4,gfx942,4096,4096,8192,64,16,32,8,8,0,0,0,"[0, 1]",LLVMGPUVectorDistribute,"PipelineOptionsSearchSpace(prefetch_shared_memory=[True], no_reduce_shared_memory_bank_conflicts=[None], use_igemm_convolution=[None])",[2],,#iree_gpu.mma_layout<MFMA_F32_16x16x32_F8E4M3FNUZ>,64,256,32,256,2,1,2,4,"['--iree-hal-target-device=hip', '--iree-hip-target=gfx942', '--compile-from=executable-sources']",909,True,"['--input=1', '--benchmark_repetitions=3']",True,hip://5,True,360.33,551.33,269.67,1.53006,855,365,490,204,302.06,,tuning_2025_09_29_16_28/candidates/specs/909_spec.mlir
compute_gemm_4096_4096_8192_f8E4M3FNUZ_f32_tB,910,contraction,sharkmi300x-4,gfx942,4096,4096,8192,64,16,32,8,8,0,0,0,"[0, 1]",LLVMGPUVectorDistribute,"PipelineOptionsSearchSpace(prefetch_shared_memory=[True], no_reduce_shared_memory_bank_conflicts=[None], use_igemm_convolution=[None])",[2],,#iree_gpu.mma_layout<MFMA_F32_16x16x32_F8E4M3FNUZ>,64,512,32,64,4,1,4,1,"['--iree-hal-target-device=hip', '--iree-hip-target=gfx942', '--compile-from=executable-sources']",910,True,"['--input=1', '--benchmark_repetitions=3']",True,hip://7,True,352.5,530.67,269.67,1.50544,866,347,519,204,302.06,,tuning_2025_09_29_16_28/candidates/specs/910_spec.mlir
compute_gemm_4096_4096_8192_f8E4M3FNUZ_f32_tB,911,contraction,sharkmi300x-4,gfx942,4096,4096,8192,64,16,32,8,8,0,0,0,"[0, 1]",LLVMGPUVectorDistribute,"PipelineOptionsSearchSpace(prefetch_shared_memory=[True], no_reduce_shared_memory_bank_conflicts=[None], use_igemm_convolution=[None])",[2],,#iree_gpu.mma_layout<MFMA_F32_16x16x32_F8E4M3FNUZ>,256,256,64,256,1,1,1,4,"['--iree-hal-target-device=hip', '--iree-hip-target=gfx942', '--compile-from=executable-sources']",911,True,"['--input=1', '--benchmark_repetitions=3']",True,hip://6,True,357.33,392.33,269.67,1.09795,891,142,749,204,302.06,,tuning_2025_09_29_16_28/candidates/specs/911_spec.mlir
compute_gemm_4096_4096_8192_f8E4M3FNUZ_f32_tB,912,contraction,sharkmi300x-4,gfx942,4096,4096,8192,64,16,32,8,8,0,0,0,"[0, 1]",LLVMGPUVectorDistribute,"PipelineOptionsSearchSpace(prefetch_shared_memory=[True], no_reduce_shared_memory_bank_conflicts=[None], use_igemm_convolution=[None])",[2],,#iree_gpu.mma_layout<MFMA_F32_16x16x32_F8E4M3FNUZ>,16,256,128,64,1,1,1,1,"['--iree-hal-target-device=hip', '--iree-hip-target=gfx942', '--compile-from=executable-sources']",912,True,"['--input=1', '--benchmark_repetitions=3']",True,hip://7,True,352.5,1503.33,269.67,4.26478,874,711,163,204,302.06,,tuning_2025_09_29_16_28/candidates/specs/912_spec.mlir
compute_gemm_4096_4096_8192_f8E4M3FNUZ_f32_tB,913,contraction,sharkmi300x-4,gfx942,4096,4096,8192,64,32,16,8,8,0,0,0,"[0, 1]",LLVMGPUVectorDistribute,"PipelineOptionsSearchSpace(prefetch_shared_memory=[True], no_reduce_shared_memory_bank_conflicts=[None], use_igemm_convolution=[None])",[2],,#iree_gpu.mma_layout<MFMA_F32_32x32x16_F8E4M3FNUZ>,64,128,32,128,2,1,2,2,"['--iree-hal-target-device=hip', '--iree-hip-target=gfx942', '--compile-from=executable-sources']",913,True,"['--input=1', '--benchmark_repetitions=3']",True,hip://7,True,352.5,681.33,269.67,1.93286,862,481,381,204,302.06,,tuning_2025_09_29_16_28/candidates/specs/913_spec.mlir
compute_gemm_4096_4096_8192_f8E4M3FNUZ_f32_tB,914,contraction,sharkmi300x-4,gfx942,4096,4096,8192,64,32,16,8,8,0,0,0,"[0, 1]",LLVMGPUVectorDistribute,"PipelineOptionsSearchSpace(prefetch_shared_memory=[True], no_reduce_shared_memory_bank_conflicts=[None], use_igemm_convolution=[None])",[2],,#iree_gpu.mma_layout<MFMA_F32_32x32x16_F8E4M3FNUZ>,64,256,64,128,1,1,1,2,"['--iree-hal-target-device=hip', '--iree-hip-target=gfx942', '--compile-from=executable-sources']",914,True,"['--input=1', '--benchmark_repetitions=3']",True,hip://2,True,357.5,354.0,269.67,0.99021,872,91,781,204,302.06,,tuning_2025_09_29_16_28/candidates/specs/914_spec.mlir
compute_gemm_4096_4096_8192_f8E4M3FNUZ_f32_tB,915,contraction,sharkmi300x-4,gfx942,4096,4096,8192,64,32,16,8,8,0,0,0,"[0, 1]",LLVMGPUVectorDistribute,"PipelineOptionsSearchSpace(prefetch_shared_memory=[True], no_reduce_shared_memory_bank_conflicts=[None], use_igemm_convolution=[None])",[2],,#iree_gpu.mma_layout<MFMA_F32_32x32x16_F8E4M3FNUZ>,128,256,128,64,2,1,2,1,"['--iree-hal-target-device=hip', '--iree-hip-target=gfx942', '--compile-from=executable-sources']",915,True,"['--input=1', '--benchmark_repetitions=3']",True,hip://2,True,357.5,464.33,269.67,1.29883,912,238,674,204,302.06,,tuning_2025_09_29_16_28/candidates/specs/915_spec.mlir
compute_gemm_4096_4096_8192_f8E4M3FNUZ_f32_tB,916,contraction,sharkmi300x-4,gfx942,4096,4096,8192,64,32,16,8,8,0,0,0,"[0, 1]",LLVMGPUVectorDistribute,"PipelineOptionsSearchSpace(prefetch_shared_memory=[True], no_reduce_shared_memory_bank_conflicts=[None], use_igemm_convolution=[None])",[2],,#iree_gpu.mma_layout<MFMA_F32_32x32x16_F8E4M3FNUZ>,128,128,256,128,2,1,2,2,"['--iree-hal-target-device=hip', '--iree-hip-target=gfx942', '--compile-from=executable-sources']",916,True,"['--input=1', '--benchmark_repetitions=3']",True,hip://6,True,357.33,1216.67,269.67,3.40485,873,680,193,204,302.06,,tuning_2025_09_29_16_28/candidates/specs/916_spec.mlir
compute_gemm_4096_4096_8192_f8E4M3FNUZ_f32_tB,917,contraction,sharkmi300x-4,gfx942,4096,4096,8192,64,16,32,8,8,0,0,0,"[0, 1]",LLVMGPUVectorDistribute,"PipelineOptionsSearchSpace(prefetch_shared_memory=[True], no_reduce_shared_memory_bank_conflicts=[None], use_igemm_convolution=[None])",[2],,#iree_gpu.mma_layout<MFMA_F32_16x16x32_F8E4M3FNUZ>,32,512,32,128,2,1,2,2,"['--iree-hal-target-device=hip', '--iree-hip-target=gfx942', '--compile-from=executable-sources']",917,True,"['--input=1', '--benchmark_repetitions=3']",True,hip://5,True,360.33,834.33,269.67,2.31545,867,544,323,204,302.06,,tuning_2025_09_29_16_28/candidates/specs/917_spec.mlir
compute_gemm_4096_4096_8192_f8E4M3FNUZ_f32_tB,918,contraction,sharkmi300x-4,gfx942,4096,4096,8192,64,16,32,8,8,0,0,0,"[0, 1]",LLVMGPUVectorDistribute,"PipelineOptionsSearchSpace(prefetch_shared_memory=[True], no_reduce_shared_memory_bank_conflicts=[None], use_igemm_convolution=[None])",[2],,#iree_gpu.mma_layout<MFMA_F32_16x16x32_F8E4M3FNUZ>,256,64,32,128,2,1,2,2,"['--iree-hal-target-device=hip', '--iree-hip-target=gfx942', '--compile-from=executable-sources']",918,True,"['--input=1', '--benchmark_repetitions=3']",True,hip://2,True,357.5,715.33,269.67,2.00093,868,498,370,204,302.06,,tuning_2025_09_29_16_28/candidates/specs/918_spec.mlir
compute_gemm_4096_4096_8192_f8E4M3FNUZ_f32_tB,919,contraction,sharkmi300x-4,gfx942,4096,4096,8192,64,32,16,8,8,0,0,0,"[0, 1]",LLVMGPUVectorDistribute,"PipelineOptionsSearchSpace(prefetch_shared_memory=[True], no_reduce_shared_memory_bank_conflicts=[None], use_igemm_convolution=[None])",[2],,#iree_gpu.mma_layout<MFMA_F32_32x32x16_F8E4M3FNUZ>,128,64,32,128,4,1,4,2,"['--iree-hal-target-device=hip', '--iree-hip-target=gfx942', '--compile-from=executable-sources']",919,True,"['--input=1', '--benchmark_repetitions=3']",True,hip://2,True,357.5,625.0,269.67,1.74825,864,420,444,204,302.06,,tuning_2025_09_29_16_28/candidates/specs/919_spec.mlir
compute_gemm_4096_4096_8192_f8E4M3FNUZ_f32_tB,920,contraction,sharkmi300x-4,gfx942,4096,4096,8192,64,32,16,8,8,0,0,0,"[0, 1]",LLVMGPUVectorDistribute,"PipelineOptionsSearchSpace(prefetch_shared_memory=[True], no_reduce_shared_memory_bank_conflicts=[None], use_igemm_convolution=[None])",[2],,#iree_gpu.mma_layout<MFMA_F32_32x32x16_F8E4M3FNUZ>,128,128,256,64,1,1,1,1,"['--iree-hal-target-device=hip', '--iree-hip-target=gfx942', '--compile-from=executable-sources']",920,True,"['--input=1', '--benchmark_repetitions=3']",True,hip://7,True,352.5,1713.33,269.67,4.86052,932,738,194,204,302.06,,tuning_2025_09_29_16_28/candidates/specs/920_spec.mlir
compute_gemm_4096_4096_8192_f8E4M3FNUZ_f32_tB,921,contraction,sharkmi300x-4,gfx942,4096,4096,8192,64,32,16,8,8,0,0,0,"[0, 1]",LLVMGPUVectorDistribute,"PipelineOptionsSearchSpace(prefetch_shared_memory=[True], no_reduce_shared_memory_bank_conflicts=[None], use_igemm_convolution=[None])",[2],,#iree_gpu.mma_layout<MFMA_F32_32x32x16_F8E4M3FNUZ>,256,64,32,64,2,1,2,1,"['--iree-hal-target-device=hip', '--iree-hip-target=gfx942', '--compile-from=executable-sources']",921,True,"['--input=1', '--benchmark_repetitions=3']",True,hip://2,True,357.5,760.67,269.67,2.12774,877,524,353,204,302.06,,tuning_2025_09_29_16_28/candidates/specs/921_spec.mlir
compute_gemm_4096_4096_8192_f8E4M3FNUZ_f32_tB,922,contraction,sharkmi300x-4,gfx942,4096,4096,8192,64,32,16,8,8,0,0,0,"[0, 1]",LLVMGPUVectorDistribute,"PipelineOptionsSearchSpace(prefetch_shared_memory=[True], no_reduce_shared_memory_bank_conflicts=[None], use_igemm_convolution=[None])",[2],,#iree_gpu.mma_layout<MFMA_F32_32x32x16_F8E4M3FNUZ>,128,256,128,128,1,1,1,2,"['--iree-hal-target-device=hip', '--iree-hip-target=gfx942', '--compile-from=executable-sources']",922,True,"['--input=1', '--benchmark_repetitions=3']",True,hip://5,True,360.33,467.33,269.67,1.29695,917,236,681,204,302.06,,tuning_2025_09_29_16_28/candidates/specs/922_spec.mlir
compute_gemm_4096_4096_8192_f8E4M3FNUZ_f32_tB,923,contraction,sharkmi300x-4,gfx942,4096,4096,8192,64,32,16,8,8,0,0,0,"[0, 1]",LLVMGPUVectorDistribute,"PipelineOptionsSearchSpace(prefetch_shared_memory=[True], no_reduce_shared_memory_bank_conflicts=[None], use_igemm_convolution=[None])",[2],,#iree_gpu.mma_layout<MFMA_F32_32x32x16_F8E4M3FNUZ>,128,256,32,128,4,1,4,2,"['--iree-hal-target-device=hip', '--iree-hip-target=gfx942', '--compile-from=executable-sources']",923,True,"['--input=1', '--benchmark_repetitions=3']",True,hip://5,True,360.33,383.67,269.67,1.06475,871,127,744,204,302.06,,tuning_2025_09_29_16_28/candidates/specs/923_spec.mlir
compute_gemm_4096_4096_8192_f8E4M3FNUZ_f32_tB,924,contraction,sharkmi300x-4,gfx942,4096,4096,8192,64,16,32,8,8,0,0,0,"[0, 1]",LLVMGPUVectorDistribute,"PipelineOptionsSearchSpace(prefetch_shared_memory=[True], no_reduce_shared_memory_bank_conflicts=[None], use_igemm_convolution=[None])",[2],,#iree_gpu.mma_layout<MFMA_F32_16x16x32_F8E4M3FNUZ>,64,256,64,64,2,1,2,1,"['--iree-hal-target-device=hip', '--iree-hip-target=gfx942', '--compile-from=executable-sources']",924,True,"['--input=1', '--benchmark_repetitions=3']",True,hip://2,True,357.5,424.33,269.67,1.18695,884,198,686,204,302.06,,tuning_2025_09_29_16_28/candidates/specs/924_spec.mlir
compute_gemm_4096_4096_8192_f8E4M3FNUZ_f32_tB,925,contraction,sharkmi300x-4,gfx942,4096,4096,8192,64,32,16,8,8,0,0,0,"[0, 1]",LLVMGPUVectorDistribute,"PipelineOptionsSearchSpace(prefetch_shared_memory=[True], no_reduce_shared_memory_bank_conflicts=[None], use_igemm_convolution=[None])",[2],,#iree_gpu.mma_layout<MFMA_F32_32x32x16_F8E4M3FNUZ>,512,64,32,128,2,1,2,2,"['--iree-hal-target-device=hip', '--iree-hip-target=gfx942', '--compile-from=executable-sources']",925,True,"['--input=1', '--benchmark_repetitions=3']",True,hip://6,True,357.33,695.33,269.67,1.9459,883,483,400,204,302.06,,tuning_2025_09_29_16_28/candidates/specs/925_spec.mlir
compute_gemm_4096_4096_8192_f8E4M3FNUZ_f32_tB,926,contraction,sharkmi300x-4,gfx942,4096,4096,8192,64,16,32,8,8,0,0,0,"[0, 1]",LLVMGPUVectorDistribute,"PipelineOptionsSearchSpace(prefetch_shared_memory=[True], no_reduce_shared_memory_bank_conflicts=[None], use_igemm_convolution=[None])",[2],,#iree_gpu.mma_layout<MFMA_F32_16x16x32_F8E4M3FNUZ>,256,256,32,128,2,1,2,2,"['--iree-hal-target-device=hip', '--iree-hip-target=gfx942', '--compile-from=executable-sources']",926,True,"['--input=1', '--benchmark_repetitions=3']",True,hip://2,True,357.5,1470.0,269.67,4.11189,900,696,204,204,302.06,,tuning_2025_09_29_16_28/candidates/specs/926_spec.mlir
compute_gemm_4096_4096_8192_f8E4M3FNUZ_f32_tB,927,contraction,sharkmi300x-4,gfx942,4096,4096,8192,64,16,32,8,8,0,0,0,"[0, 1]",LLVMGPUVectorDistribute,"PipelineOptionsSearchSpace(prefetch_shared_memory=[True], no_reduce_shared_memory_bank_conflicts=[None], use_igemm_convolution=[None])",[2],,#iree_gpu.mma_layout<MFMA_F32_16x16x32_F8E4M3FNUZ>,128,16,256,64,1,1,1,1,"['--iree-hal-target-device=hip', '--iree-hip-target=gfx942', '--compile-from=executable-sources']",927,True,"['--input=1', '--benchmark_repetitions=3']",True,hip://2,True,357.5,1420.0,269.67,3.97203,889,693,196,204,302.06,,tuning_2025_09_29_16_28/candidates/specs/927_spec.mlir
compute_gemm_4096_4096_8192_f8E4M3FNUZ_f32_tB,928,contraction,sharkmi300x-4,gfx942,4096,4096,8192,64,16,32,8,8,0,0,0,"[0, 1]",LLVMGPUVectorDistribute,"PipelineOptionsSearchSpace(prefetch_shared_memory=[True], no_reduce_shared_memory_bank_conflicts=[None], use_igemm_convolution=[None])",[2],,#iree_gpu.mma_layout<MFMA_F32_16x16x32_F8E4M3FNUZ>,16,256,32,128,1,1,1,2,"['--iree-hal-target-device=hip', '--iree-hip-target=gfx942', '--compile-from=executable-sources']",928,True,"['--input=1', '--benchmark_repetitions=3']",True,hip://5,True,360.33,1510.0,269.67,4.19056,875,705,170,204,302.06,,tuning_2025_09_29_16_28/candidates/specs/928_spec.mlir
compute_gemm_4096_4096_8192_f8E4M3FNUZ_f32_tB,929,contraction,sharkmi300x-4,gfx942,4096,4096,8192,64,16,32,8,8,0,0,0,"[0, 1]",LLVMGPUVectorDistribute,"PipelineOptionsSearchSpace(prefetch_shared_memory=[True], no_reduce_shared_memory_bank_conflicts=[None], use_igemm_convolution=[None])",[2],,#iree_gpu.mma_layout<MFMA_F32_16x16x32_F8E4M3FNUZ>,256,256,64,128,4,1,4,2,"['--iree-hal-target-device=hip', '--iree-hip-target=gfx942', '--compile-from=executable-sources']",929,True,"['--input=1', '--benchmark_repetitions=3']",True,hip://5,True,360.33,275.33,269.67,0.76411,885,2,883,204,302.06,411.7,tuning_2025_09_29_16_28/candidates/specs/929_spec.mlir
compute_gemm_4096_4096_8192_f8E4M3FNUZ_f32_tB,930,contraction,sharkmi300x-4,gfx942,4096,4096,8192,64,32,16,8,8,0,0,0,"[0, 1]",LLVMGPUVectorDistribute,"PipelineOptionsSearchSpace(prefetch_shared_memory=[True], no_reduce_shared_memory_bank_conflicts=[None], use_igemm_convolution=[None])",[2],,#iree_gpu.mma_layout<MFMA_F32_32x32x16_F8E4M3FNUZ>,256,128,128,64,4,1,4,1,"['--iree-hal-target-device=hip', '--iree-hip-target=gfx942', '--compile-from=executable-sources']",930,True,"['--input=1', '--benchmark_repetitions=3']",True,hip://5,True,360.33,352.67,269.67,0.97872,893,87,806,204,302.06,,tuning_2025_09_29_16_28/candidates/specs/930_spec.mlir
compute_gemm_4096_4096_8192_f8E4M3FNUZ_f32_tB,931,contraction,sharkmi300x-4,gfx942,4096,4096,8192,64,16,32,8,8,0,0,0,"[0, 1]",LLVMGPUVectorDistribute,"PipelineOptionsSearchSpace(prefetch_shared_memory=[True], no_reduce_shared_memory_bank_conflicts=[None], use_igemm_convolution=[None])",[2],,#iree_gpu.mma_layout<MFMA_F32_16x16x32_F8E4M3FNUZ>,32,128,128,128,2,1,2,2,"['--iree-hal-target-device=hip', '--iree-hip-target=gfx942', '--compile-from=executable-sources']",931,True,"['--input=1', '--benchmark_repetitions=3']",True,hip://5,True,360.33,415.0,269.67,1.15171,879,178,701,204,302.06,,tuning_2025_09_29_16_28/candidates/specs/931_spec.mlir
compute_gemm_4096_4096_8192_f8E4M3FNUZ_f32_tB,932,contraction,sharkmi300x-4,gfx942,4096,4096,8192,64,16,32,8,8,0,0,0,"[0, 1]",LLVMGPUVectorDistribute,"PipelineOptionsSearchSpace(prefetch_shared_memory=[True], no_reduce_shared_memory_bank_conflicts=[None], use_igemm_convolution=[None])",[2],,#iree_gpu.mma_layout<MFMA_F32_16x16x32_F8E4M3FNUZ>,32,256,128,256,2,1,2,4,"['--iree-hal-target-device=hip', '--iree-hip-target=gfx942', '--compile-from=executable-sources']",932,True,"['--input=1', '--benchmark_repetitions=3']",True,hip://6,True,357.33,533.0,269.67,1.4916,880,339,541,204,302.06,,tuning_2025_09_29_16_28/candidates/specs/932_spec.mlir
compute_gemm_4096_4096_8192_f8E4M3FNUZ_f32_tB,933,contraction,sharkmi300x-4,gfx942,4096,4096,8192,64,16,32,8,8,0,0,0,"[0, 1]",LLVMGPUVectorDistribute,"PipelineOptionsSearchSpace(prefetch_shared_memory=[True], no_reduce_shared_memory_bank_conflicts=[None], use_igemm_convolution=[None])",[2],,#iree_gpu.mma_layout<MFMA_F32_16x16x32_F8E4M3FNUZ>,64,64,32,64,2,1,2,1,"['--iree-hal-target-device=hip', '--iree-hip-target=gfx942', '--compile-from=executable-sources']",933,True,"['--input=1', '--benchmark_repetitions=3']",True,hip://2,True,357.5,860.0,269.67,2.40559,881,563,318,204,302.06,,tuning_2025_09_29_16_28/candidates/specs/933_spec.mlir
compute_gemm_4096_4096_8192_f8E4M3FNUZ_f32_tB,934,contraction,sharkmi300x-4,gfx942,4096,4096,8192,64,16,32,8,8,0,0,0,"[0, 1]",LLVMGPUVectorDistribute,"PipelineOptionsSearchSpace(prefetch_shared_memory=[True], no_reduce_shared_memory_bank_conflicts=[None], use_igemm_convolution=[None])",[2],,#iree_gpu.mma_layout<MFMA_F32_16x16x32_F8E4M3FNUZ>,64,512,64,128,4,1,4,2,"['--iree-hal-target-device=hip', '--iree-hip-target=gfx942', '--compile-from=executable-sources']",934,True,"['--input=1', '--benchmark_repetitions=3']",True,hip://5,True,360.33,484.0,269.67,1.3432,888,257,631,204,302.06,,tuning_2025_09_29_16_28/candidates/specs/934_spec.mlir
compute_gemm_4096_4096_8192_f8E4M3FNUZ_f32_tB,935,contraction,sharkmi300x-4,gfx942,4096,4096,8192,64,32,16,8,8,0,0,0,"[0, 1]",LLVMGPUVectorDistribute,"PipelineOptionsSearchSpace(prefetch_shared_memory=[True], no_reduce_shared_memory_bank_conflicts=[None], use_igemm_convolution=[None])",[2],,#iree_gpu.mma_layout<MFMA_F32_32x32x16_F8E4M3FNUZ>,64,512,64,128,1,1,1,2,"['--iree-hal-target-device=hip', '--iree-hip-target=gfx942', '--compile-from=executable-sources']",935,True,"['--input=1', '--benchmark_repetitions=3']",True,hip://2,True,357.5,620.67,269.67,1.73613,925,416,509,204,302.06,,tuning_2025_09_29_16_28/candidates/specs/935_spec.mlir
compute_gemm_4096_4096_8192_f8E4M3FNUZ_f32_tB,936,contraction,sharkmi300x-4,gfx942,4096,4096,8192,64,16,32,8,8,0,0,0,"[0, 1]",LLVMGPUVectorDistribute,"PipelineOptionsSearchSpace(prefetch_shared_memory=[True], no_reduce_shared_memory_bank_conflicts=[None], use_igemm_convolution=[None])",[2],,#iree_gpu.mma_layout<MFMA_F32_16x16x32_F8E4M3FNUZ>,512,64,32,256,1,1,1,4,"['--iree-hal-target-device=hip', '--iree-hip-target=gfx942', '--compile-from=executable-sources']",936,True,"['--input=1', '--benchmark_repetitions=3']",True,hip://6,True,357.33,681.33,269.67,1.90672,899,475,424,204,302.06,,tuning_2025_09_29_16_28/candidates/specs/936_spec.mlir
compute_gemm_4096_4096_8192_f8E4M3FNUZ_f32_tB,937,contraction,sharkmi300x-4,gfx942,4096,4096,8192,64,16,32,8,8,0,0,0,"[0, 1]",LLVMGPUVectorDistribute,"PipelineOptionsSearchSpace(prefetch_shared_memory=[True], no_reduce_shared_memory_bank_conflicts=[None], use_igemm_convolution=[None])",[2],,#iree_gpu.mma_layout<MFMA_F32_16x16x32_F8E4M3FNUZ>,128,256,128,64,4,1,4,1,"['--iree-hal-target-device=hip', '--iree-hip-target=gfx942', '--compile-from=executable-sources']",937,True,"['--input=1', '--benchmark_repetitions=3']",True,hip://7,True,352.5,426.33,269.67,1.20946,910,203,707,204,302.06,,tuning_2025_09_29_16_28/candidates/specs/937_spec.mlir
compute_gemm_4096_4096_8192_f8E4M3FNUZ_f32_tB,938,contraction,sharkmi300x-4,gfx942,4096,4096,8192,64,32,16,8,8,0,0,0,"[0, 1]",LLVMGPUVectorDistribute,"PipelineOptionsSearchSpace(prefetch_shared_memory=[True], no_reduce_shared_memory_bank_conflicts=[None], use_igemm_convolution=[None])",[2],,#iree_gpu.mma_layout<MFMA_F32_32x32x16_F8E4M3FNUZ>,64,256,64,64,2,1,2,1,"['--iree-hal-target-device=hip', '--iree-hip-target=gfx942', '--compile-from=executable-sources']",938,True,"['--input=1', '--benchmark_repetitions=3']",True,hip://6,True,357.33,386.67,269.67,1.08209,903,137,766,204,302.06,,tuning_2025_09_29_16_28/candidates/specs/938_spec.mlir
compute_gemm_4096_4096_8192_f8E4M3FNUZ_f32_tB,939,contraction,sharkmi300x-4,gfx942,4096,4096,8192,64,16,32,8,8,0,0,0,"[0, 1]",LLVMGPUVectorDistribute,"PipelineOptionsSearchSpace(prefetch_shared_memory=[True], no_reduce_shared_memory_bank_conflicts=[None], use_igemm_convolution=[None])",[2],,#iree_gpu.mma_layout<MFMA_F32_16x16x32_F8E4M3FNUZ>,32,128,256,64,1,1,1,1,"['--iree-hal-target-device=hip', '--iree-hip-target=gfx942', '--compile-from=executable-sources']",939,True,"['--input=1', '--benchmark_repetitions=3']",True,hip://5,True,360.33,1020.0,269.67,2.83071,909,628,281,204,302.06,,tuning_2025_09_29_16_28/candidates/specs/939_spec.mlir
compute_gemm_4096_4096_8192_f8E4M3FNUZ_f32_tB,940,contraction,sharkmi300x-4,gfx942,4096,4096,8192,64,32,16,8,8,0,0,0,"[0, 1]",LLVMGPUVectorDistribute,"PipelineOptionsSearchSpace(prefetch_shared_memory=[True], no_reduce_shared_memory_bank_conflicts=[None], use_igemm_convolution=[None])",[2],,#iree_gpu.mma_layout<MFMA_F32_32x32x16_F8E4M3FNUZ>,128,256,64,128,2,1,2,2,"['--iree-hal-target-device=hip', '--iree-hip-target=gfx942', '--compile-from=executable-sources']",940,True,"['--input=1', '--benchmark_repetitions=3']",True,hip://5,True,360.33,307.33,269.67,0.85291,901,18,883,204,302.06,,tuning_2025_09_29_16_28/candidates/specs/940_spec.mlir
compute_gemm_4096_4096_8192_f8E4M3FNUZ_f32_tB,941,contraction,sharkmi300x-4,gfx942,4096,4096,8192,64,32,16,8,8,0,0,0,"[0, 1]",LLVMGPUVectorDistribute,"PipelineOptionsSearchSpace(prefetch_shared_memory=[True], no_reduce_shared_memory_bank_conflicts=[None], use_igemm_convolution=[None])",[2],,#iree_gpu.mma_layout<MFMA_F32_32x32x16_F8E4M3FNUZ>,512,32,64,64,8,1,8,1,"['--iree-hal-target-device=hip', '--iree-hip-target=gfx942', '--compile-from=executable-sources']",941,True,"['--input=1', '--benchmark_repetitions=3']",True,hip://2,True,357.5,707.33,269.67,1.97855,892,489,403,204,302.06,,tuning_2025_09_29_16_28/candidates/specs/941_spec.mlir
compute_gemm_4096_4096_8192_f8E4M3FNUZ_f32_tB,942,contraction,sharkmi300x-4,gfx942,4096,4096,8192,64,16,32,8,8,0,0,0,"[0, 1]",LLVMGPUVectorDistribute,"PipelineOptionsSearchSpace(prefetch_shared_memory=[True], no_reduce_shared_memory_bank_conflicts=[None], use_igemm_convolution=[None])",[2],,#iree_gpu.mma_layout<MFMA_F32_16x16x32_F8E4M3FNUZ>,128,32,256,64,8,1,8,1,"['--iree-hal-target-device=hip', '--iree-hip-target=gfx942', '--compile-from=executable-sources']",942,True,"['--input=1', '--benchmark_repetitions=3']",True,hip://7,True,352.5,498.67,269.67,1.41466,890,299,591,204,302.06,,tuning_2025_09_29_16_28/candidates/specs/942_spec.mlir
compute_gemm_4096_4096_8192_f8E4M3FNUZ_f32_tB,943,contraction,sharkmi300x-4,gfx942,4096,4096,8192,64,32,16,8,8,0,0,0,"[0, 1]",LLVMGPUVectorDistribute,"PipelineOptionsSearchSpace(prefetch_shared_memory=[True], no_reduce_shared_memory_bank_conflicts=[None], use_igemm_convolution=[None])",[2],,#iree_gpu.mma_layout<MFMA_F32_32x32x16_F8E4M3FNUZ>,128,128,64,64,4,1,4,1,"['--iree-hal-target-device=hip', '--iree-hip-target=gfx942', '--compile-from=executable-sources']",943,True,"['--input=1', '--benchmark_repetitions=3']",True,hip://7,True,352.5,347.67,269.67,0.98629,894,90,804,204,302.06,,tuning_2025_09_29_16_28/candidates/specs/943_spec.mlir
compute_gemm_4096_4096_8192_f8E4M3FNUZ_f32_tB,944,contraction,sharkmi300x-4,gfx942,4096,4096,8192,64,32,16,8,8,0,0,0,"[0, 1]",LLVMGPUVectorDistribute,"PipelineOptionsSearchSpace(prefetch_shared_memory=[True], no_reduce_shared_memory_bank_conflicts=[None], use_igemm_convolution=[None])",[2],,#iree_gpu.mma_layout<MFMA_F32_32x32x16_F8E4M3FNUZ>,64,256,32,64,2,1,2,1,"['--iree-hal-target-device=hip', '--iree-hip-target=gfx942', '--compile-from=executable-sources']",944,True,"['--input=1', '--benchmark_repetitions=3']",True,hip://7,True,352.5,511.33,269.67,1.45059,906,315,591,204,302.06,,tuning_2025_09_29_16_28/candidates/specs/944_spec.mlir
compute_gemm_4096_4096_8192_f8E4M3FNUZ_f32_tB,945,contraction,sharkmi300x-4,gfx942,4096,4096,8192,64,16,32,8,8,0,0,0,"[0, 1]",LLVMGPUVectorDistribute,"PipelineOptionsSearchSpace(prefetch_shared_memory=[True], no_reduce_shared_memory_bank_conflicts=[None], use_igemm_convolution=[None])",[2],,#iree_gpu.mma_layout<MFMA_F32_16x16x32_F8E4M3FNUZ>,256,32,32,128,1,1,1,2,"['--iree-hal-target-device=hip', '--iree-hip-target=gfx942', '--compile-from=executable-sources']",945,True,"['--input=1', '--benchmark_repetitions=3']",True,hip://5,True,360.33,1050.0,269.67,2.91397,897,650,247,204,302.06,,tuning_2025_09_29_16_28/candidates/specs/945_spec.mlir
compute_gemm_4096_4096_8192_f8E4M3FNUZ_f32_tB,946,contraction,sharkmi300x-4,gfx942,4096,4096,8192,64,16,32,8,8,0,0,0,"[0, 1]",LLVMGPUVectorDistribute,"PipelineOptionsSearchSpace(prefetch_shared_memory=[True], no_reduce_shared_memory_bank_conflicts=[None], use_igemm_convolution=[None])",[2],,#iree_gpu.mma_layout<MFMA_F32_16x16x32_F8E4M3FNUZ>,32,256,32,128,1,1,1,2,"['--iree-hal-target-device=hip', '--iree-hip-target=gfx942', '--compile-from=executable-sources']",946,True,"['--input=1', '--benchmark_repetitions=3']",True,hip://6,True,357.33,878.0,269.67,2.45709,895,573,322,204,302.06,,tuning_2025_09_29_16_28/candidates/specs/946_spec.mlir
compute_gemm_4096_4096_8192_f8E4M3FNUZ_f32_tB,947,contraction,sharkmi300x-4,gfx942,4096,4096,8192,64,16,32,8,8,0,0,0,"[0, 1]",LLVMGPUVectorDistribute,"PipelineOptionsSearchSpace(prefetch_shared_memory=[True], no_reduce_shared_memory_bank_conflicts=[None], use_igemm_convolution=[None])",[2],,#iree_gpu.mma_layout<MFMA_F32_16x16x32_F8E4M3FNUZ>,128,256,64,128,1,1,1,2,"['--iree-hal-target-device=hip', '--iree-hip-target=gfx942', '--compile-from=executable-sources']",947,True,"['--input=1', '--benchmark_repetitions=3']",True,hip://2,True,357.5,362.33,269.67,1.01352,933,105,828,204,302.06,,tuning_2025_09_29_16_28/candidates/specs/947_spec.mlir
compute_gemm_4096_4096_8192_f8E4M3FNUZ_f32_tB,948,contraction,sharkmi300x-4,gfx942,4096,4096,8192,64,16,32,8,8,0,0,0,"[0, 1]",LLVMGPUVectorDistribute,"PipelineOptionsSearchSpace(prefetch_shared_memory=[True], no_reduce_shared_memory_bank_conflicts=[None], use_igemm_convolution=[None])",[2],,#iree_gpu.mma_layout<MFMA_F32_16x16x32_F8E4M3FNUZ>,128,128,64,128,1,1,1,2,"['--iree-hal-target-device=hip', '--iree-hip-target=gfx942', '--compile-from=executable-sources']",948,True,"['--input=1', '--benchmark_repetitions=3']",True,hip://6,True,357.33,412.0,269.67,1.15299,911,180,731,204,302.06,,tuning_2025_09_29_16_28/candidates/specs/948_spec.mlir
compute_gemm_4096_4096_8192_f8E4M3FNUZ_f32_tB,949,contraction,sharkmi300x-4,gfx942,4096,4096,8192,64,32,16,8,8,0,0,0,"[0, 1]",LLVMGPUVectorDistribute,"PipelineOptionsSearchSpace(prefetch_shared_memory=[True], no_reduce_shared_memory_bank_conflicts=[None], use_igemm_convolution=[None])",[2],,#iree_gpu.mma_layout<MFMA_F32_32x32x16_F8E4M3FNUZ>,64,128,128,64,1,1,1,1,"['--iree-hal-target-device=hip', '--iree-hip-target=gfx942', '--compile-from=executable-sources']",949,True,"['--input=1', '--benchmark_repetitions=3']",True,hip://6,True,357.33,457.0,269.67,1.27892,927,225,702,204,302.06,,tuning_2025_09_29_16_28/candidates/specs/949_spec.mlir
compute_gemm_4096_4096_8192_f8E4M3FNUZ_f32_tB,950,contraction,sharkmi300x-4,gfx942,4096,4096,8192,64,32,16,8,8,0,0,0,"[0, 1]",LLVMGPUVectorDistribute,"PipelineOptionsSearchSpace(prefetch_shared_memory=[True], no_reduce_shared_memory_bank_conflicts=[None], use_igemm_convolution=[None])",[2],,#iree_gpu.mma_layout<MFMA_F32_32x32x16_F8E4M3FNUZ>,512,256,64,64,1,1,1,1,"['--iree-hal-target-device=hip', '--iree-hip-target=gfx942', '--compile-from=executable-sources']",950,True,"['--input=1', '--benchmark_repetitions=3']",True,hip://6,True,357.33,13133.33,269.67,36.75373,955,912,43,204,302.06,,tuning_2025_09_29_16_28/candidates/specs/950_spec.mlir
compute_gemm_4096_4096_8192_f8E4M3FNUZ_f32_tB,951,contraction,sharkmi300x-4,gfx942,4096,4096,8192,64,16,32,8,8,0,0,0,"[0, 1]",LLVMGPUVectorDistribute,"PipelineOptionsSearchSpace(prefetch_shared_memory=[True], no_reduce_shared_memory_bank_conflicts=[None], use_igemm_convolution=[None])",[2],,#iree_gpu.mma_layout<MFMA_F32_16x16x32_F8E4M3FNUZ>,32,128,32,128,2,1,2,2,"['--iree-hal-target-device=hip', '--iree-hip-target=gfx942', '--compile-from=executable-sources']",951,True,"['--input=1', '--benchmark_repetitions=3']",True,hip://7,True,352.5,938.67,269.67,2.66288,902,604,298,204,302.06,,tuning_2025_09_29_16_28/candidates/specs/951_spec.mlir
compute_gemm_4096_4096_8192_f8E4M3FNUZ_f32_tB,952,contraction,sharkmi300x-4,gfx942,4096,4096,8192,64,32,16,8,8,0,0,0,"[0, 1]",LLVMGPUVectorDistribute,"PipelineOptionsSearchSpace(prefetch_shared_memory=[True], no_reduce_shared_memory_bank_conflicts=[None], use_igemm_convolution=[None])",[2],,#iree_gpu.mma_layout<MFMA_F32_32x32x16_F8E4M3FNUZ>,256,128,32,64,4,1,4,1,"['--iree-hal-target-device=hip', '--iree-hip-target=gfx942', '--compile-from=executable-sources']",952,True,"['--input=1', '--benchmark_repetitions=3']",True,hip://7,True,352.5,542.33,269.67,1.53853,918,369,549,204,302.06,,tuning_2025_09_29_16_28/candidates/specs/952_spec.mlir
compute_gemm_4096_4096_8192_f8E4M3FNUZ_f32_tB,953,contraction,sharkmi300x-4,gfx942,4096,4096,8192,64,16,32,8,8,0,0,0,"[0, 1]",LLVMGPUVectorDistribute,"PipelineOptionsSearchSpace(prefetch_shared_memory=[True], no_reduce_shared_memory_bank_conflicts=[None], use_igemm_convolution=[None])",[2],,#iree_gpu.mma_layout<MFMA_F32_16x16x32_F8E4M3FNUZ>,128,64,64,64,1,1,1,1,"['--iree-hal-target-device=hip', '--iree-hip-target=gfx942', '--compile-from=executable-sources']",953,True,"['--input=1', '--benchmark_repetitions=3']",True,hip://5,True,360.33,490.0,269.67,1.35985,922,264,658,204,302.06,,tuning_2025_09_29_16_28/candidates/specs/953_spec.mlir
compute_gemm_4096_4096_8192_f8E4M3FNUZ_f32_tB,954,contraction,sharkmi300x-4,gfx942,4096,4096,8192,64,32,16,8,8,0,0,0,"[0, 1]",LLVMGPUVectorDistribute,"PipelineOptionsSearchSpace(prefetch_shared_memory=[True], no_reduce_shared_memory_bank_conflicts=[None], use_igemm_convolution=[None])",[2],,#iree_gpu.mma_layout<MFMA_F32_32x32x16_F8E4M3FNUZ>,128,128,128,128,2,1,2,2,"['--iree-hal-target-device=hip', '--iree-hip-target=gfx942', '--compile-from=executable-sources']",954,True,"['--input=1', '--benchmark_repetitions=3']",True,hip://6,True,357.33,395.67,269.67,1.10728,923,156,767,204,302.06,,tuning_2025_09_29_16_28/candidates/specs/954_spec.mlir
compute_gemm_4096_4096_8192_f8E4M3FNUZ_f32_tB,955,contraction,sharkmi300x-4,gfx942,4096,4096,8192,64,16,32,8,8,0,0,0,"[0, 1]",LLVMGPUVectorDistribute,"PipelineOptionsSearchSpace(prefetch_shared_memory=[True], no_reduce_shared_memory_bank_conflicts=[None], use_igemm_convolution=[None])",[2],,#iree_gpu.mma_layout<MFMA_F32_16x16x32_F8E4M3FNUZ>,64,32,512,64,2,1,2,1,"['--iree-hal-target-device=hip', '--iree-hip-target=gfx942', '--compile-from=executable-sources']",955,True,"['--input=1', '--benchmark_repetitions=3']",True,hip://7,True,352.5,698.0,269.67,1.98014,920,491,429,204,302.06,,tuning_2025_09_29_16_28/candidates/specs/955_spec.mlir
compute_gemm_4096_4096_8192_f8E4M3FNUZ_f32_tB,956,contraction,sharkmi300x-4,gfx942,4096,4096,8192,64,32,16,8,8,0,0,0,"[0, 1]",LLVMGPUVectorDistribute,"PipelineOptionsSearchSpace(prefetch_shared_memory=[True], no_reduce_shared_memory_bank_conflicts=[None], use_igemm_convolution=[None])",[2],,#iree_gpu.mma_layout<MFMA_F32_32x32x16_F8E4M3FNUZ>,512,256,32,128,1,1,1,2,"['--iree-hal-target-device=hip', '--iree-hip-target=gfx942', '--compile-from=executable-sources']",956,True,"['--input=1', '--benchmark_repetitions=3']",True,hip://5,True,360.33,17200.0,269.67,47.73358,950,931,19,204,302.06,,tuning_2025_09_29_16_28/candidates/specs/956_spec.mlir
compute_gemm_4096_4096_8192_f8E4M3FNUZ_f32_tB,957,contraction,sharkmi300x-4,gfx942,4096,4096,8192,64,16,32,8,8,0,0,0,"[0, 1]",LLVMGPUVectorDistribute,"PipelineOptionsSearchSpace(prefetch_shared_memory=[True], no_reduce_shared_memory_bank_conflicts=[None], use_igemm_convolution=[None])",[2],,#iree_gpu.mma_layout<MFMA_F32_16x16x32_F8E4M3FNUZ>,256,128,32,128,4,1,4,2,"['--iree-hal-target-device=hip', '--iree-hip-target=gfx942', '--compile-from=executable-sources']",957,True,"['--input=1', '--benchmark_repetitions=3']",True,hip://2,True,357.5,443.67,269.67,1.24103,916,214,702,204,302.06,,tuning_2025_09_29_16_28/candidates/specs/957_spec.mlir
compute_gemm_4096_4096_8192_f8E4M3FNUZ_f32_tB,958,contraction,sharkmi300x-4,gfx942,4096,4096,8192,64,16,32,8,8,0,0,0,"[0, 1]",LLVMGPUVectorDistribute,"PipelineOptionsSearchSpace(prefetch_shared_memory=[True], no_reduce_shared_memory_bank_conflicts=[None], use_igemm_convolution=[None])",[2],,#iree_gpu.mma_layout<MFMA_F32_16x16x32_F8E4M3FNUZ>,128,32,128,128,4,1,4,2,"['--iree-hal-target-device=hip', '--iree-hip-target=gfx942', '--compile-from=executable-sources']",958,True,"['--input=1', '--benchmark_repetitions=3']",True,hip://2,True,357.5,471.0,269.67,1.31748,908,245,663,204,302.06,,tuning_2025_09_29_16_28/candidates/specs/958_spec.mlir
compute_gemm_4096_4096_8192_f8E4M3FNUZ_f32_tB,959,contraction,sharkmi300x-4,gfx942,4096,4096,8192,64,16,32,8,8,0,0,0,"[0, 1]",LLVMGPUVectorDistribute,"PipelineOptionsSearchSpace(prefetch_shared_memory=[True], no_reduce_shared_memory_bank_conflicts=[None], use_igemm_convolution=[None])",[2],,#iree_gpu.mma_layout<MFMA_F32_16x16x32_F8E4M3FNUZ>,64,32,128,64,4,1,4,1,"['--iree-hal-target-device=hip', '--iree-hip-target=gfx942', '--compile-from=executable-sources']",959,True,"['--input=1', '--benchmark_repetitions=3']",True,hip://5,True,360.33,478.0,269.67,1.32655,913,248,665,204,302.06,,tuning_2025_09_29_16_28/candidates/specs/959_spec.mlir
compute_gemm_4096_4096_8192_f8E4M3FNUZ_f32_tB,960,contraction,sharkmi300x-4,gfx942,4096,4096,8192,64,16,32,8,8,0,0,0,"[0, 1]",LLVMGPUVectorDistribute,"PipelineOptionsSearchSpace(prefetch_shared_memory=[True], no_reduce_shared_memory_bank_conflicts=[None], use_igemm_convolution=[None])",[2],,#iree_gpu.mma_layout<MFMA_F32_16x16x32_F8E4M3FNUZ>,32,128,32,128,1,1,1,2,"['--iree-hal-target-device=hip', '--iree-hip-target=gfx942', '--compile-from=executable-sources']",960,True,"['--input=1', '--benchmark_repetitions=3']",True,hip://6,True,357.33,981.67,269.67,2.7472,915,614,301,204,302.06,,tuning_2025_09_29_16_28/candidates/specs/960_spec.mlir
compute_gemm_4096_4096_8192_f8E4M3FNUZ_f32_tB,961,contraction,sharkmi300x-4,gfx942,4096,4096,8192,64,32,16,8,8,0,0,0,"[0, 1]",LLVMGPUVectorDistribute,"PipelineOptionsSearchSpace(prefetch_shared_memory=[True], no_reduce_shared_memory_bank_conflicts=[None], use_igemm_convolution=[None])",[2],,#iree_gpu.mma_layout<MFMA_F32_32x32x16_F8E4M3FNUZ>,128,64,64,128,2,1,2,2,"['--iree-hal-target-device=hip', '--iree-hip-target=gfx942', '--compile-from=executable-sources']",961,True,"['--input=1', '--benchmark_repetitions=3']",True,hip://6,True,357.33,414.67,269.67,1.16045,919,184,735,204,302.06,,tuning_2025_09_29_16_28/candidates/specs/961_spec.mlir
compute_gemm_4096_4096_8192_f8E4M3FNUZ_f32_tB,962,contraction,sharkmi300x-4,gfx942,4096,4096,8192,64,16,32,8,8,0,0,0,"[0, 1]",LLVMGPUVectorDistribute,"PipelineOptionsSearchSpace(prefetch_shared_memory=[True], no_reduce_shared_memory_bank_conflicts=[None], use_igemm_convolution=[None])",[2],,#iree_gpu.mma_layout<MFMA_F32_16x16x32_F8E4M3FNUZ>,64,64,64,64,4,1,4,1,"['--iree-hal-target-device=hip', '--iree-hip-target=gfx942', '--compile-from=executable-sources']",962,True,"['--input=1', '--benchmark_repetitions=3']",True,hip://7,True,352.5,493.33,269.67,1.39953,914,291,623,204,302.06,,tuning_2025_09_29_16_28/candidates/specs/962_spec.mlir
compute_gemm_4096_4096_8192_f8E4M3FNUZ_f32_tB,963,contraction,sharkmi300x-4,gfx942,4096,4096,8192,64,32,16,8,8,0,0,0,"[0, 1]",LLVMGPUVectorDistribute,"PipelineOptionsSearchSpace(prefetch_shared_memory=[True], no_reduce_shared_memory_bank_conflicts=[None], use_igemm_convolution=[None])",[2],,#iree_gpu.mma_layout<MFMA_F32_32x32x16_F8E4M3FNUZ>,32,512,64,64,1,1,1,1,"['--iree-hal-target-device=hip', '--iree-hip-target=gfx942', '--compile-from=executable-sources']",963,True,"['--input=1', '--benchmark_repetitions=3']",True,hip://7,True,352.5,1196.67,269.67,3.3948,936,678,258,204,302.06,,tuning_2025_09_29_16_28/candidates/specs/963_spec.mlir
compute_gemm_4096_4096_8192_f8E4M3FNUZ_f32_tB,964,contraction,sharkmi300x-4,gfx942,4096,4096,8192,64,32,16,8,8,0,0,0,"[0, 1]",LLVMGPUVectorDistribute,"PipelineOptionsSearchSpace(prefetch_shared_memory=[True], no_reduce_shared_memory_bank_conflicts=[None], use_igemm_convolution=[None])",[2],,#iree_gpu.mma_layout<MFMA_F32_32x32x16_F8E4M3FNUZ>,512,512,64,64,1,1,1,1,"['--iree-hal-target-device=hip', '--iree-hip-target=gfx942', '--compile-from=executable-sources']",964,False,"['--input=1', '--benchmark_repetitions=3']",False,,False,,,,,,,,,,,tuning_2025_09_29_16_28/candidates/specs/964_spec.mlir
compute_gemm_4096_4096_8192_f8E4M3FNUZ_f32_tB,965,contraction,sharkmi300x-4,gfx942,4096,4096,8192,64,16,32,8,8,0,0,0,"[0, 1]",LLVMGPUVectorDistribute,"PipelineOptionsSearchSpace(prefetch_shared_memory=[True], no_reduce_shared_memory_bank_conflicts=[None], use_igemm_convolution=[None])",[2],,#iree_gpu.mma_layout<MFMA_F32_16x16x32_F8E4M3FNUZ>,128,32,256,64,4,1,4,1,"['--iree-hal-target-device=hip', '--iree-hip-target=gfx942', '--compile-from=executable-sources']",965,True,"['--input=1', '--benchmark_repetitions=3']",True,hip://7,True,352.5,557.0,269.67,1.58014,924,379,545,204,302.06,,tuning_2025_09_29_16_28/candidates/specs/965_spec.mlir
compute_gemm_4096_4096_8192_f8E4M3FNUZ_f32_tB,966,contraction,sharkmi300x-4,gfx942,4096,4096,8192,64,16,32,8,8,0,0,0,"[0, 1]",LLVMGPUVectorDistribute,"PipelineOptionsSearchSpace(prefetch_shared_memory=[True], no_reduce_shared_memory_bank_conflicts=[None], use_igemm_convolution=[None])",[2],,#iree_gpu.mma_layout<MFMA_F32_16x16x32_F8E4M3FNUZ>,256,32,128,64,1,1,1,1,"['--iree-hal-target-device=hip', '--iree-hip-target=gfx942', '--compile-from=executable-sources']",966,True,"['--input=1', '--benchmark_repetitions=3']",True,hip://5,True,360.33,1273.33,269.67,3.53377,934,685,249,204,302.06,,tuning_2025_09_29_16_28/candidates/specs/966_spec.mlir
compute_gemm_4096_4096_8192_f8E4M3FNUZ_f32_tB,967,contraction,sharkmi300x-4,gfx942,4096,4096,8192,64,16,32,8,8,0,0,0,"[0, 1]",LLVMGPUVectorDistribute,"PipelineOptionsSearchSpace(prefetch_shared_memory=[True], no_reduce_shared_memory_bank_conflicts=[None], use_igemm_convolution=[None])",[2],,#iree_gpu.mma_layout<MFMA_F32_16x16x32_F8E4M3FNUZ>,512,512,32,128,4,1,4,2,"['--iree-hal-target-device=hip', '--iree-hip-target=gfx942', '--compile-from=executable-sources']",967,True,"['--input=1', '--benchmark_repetitions=3']",True,hip://5,True,360.33,11500.0,269.67,31.91489,938,898,40,204,302.06,,tuning_2025_09_29_16_28/candidates/specs/967_spec.mlir
